,t=0,t=5,t=10,t=15,t=20,t=25,t=30,t=35,t=40,t=45,t=50
0,0.425316903543126,1.6311459649815765,3.6182250264200744,6.386554087858802,9.936133149297206,14.26696221073551,19.379041272173296,25.272370333611935,31.9469493950507,39.40277845649106,47.622603672307115
1,1.8215894837136486,3.899292895733317,6.758246307752801,10.398449719772294,14.819903131791524,20.02260654381077,26.006559955830284,32.771763367849175,40.31821677986961,48.645920191889395,57.73587600958387
2,0.6762539867499304,2.0948122794770776,4.294620572204279,7.275678864931434,11.037987157658671,15.581545450386066,20.906353743113396,27.01241203584095,33.8997203285696,41.56827862129658,50.000407609937625
3,0.9498460394354054,2.5587216034072573,4.94884716737916,8.120222731351058,12.072848295322723,16.806723859294262,22.32184942326592,28.618224987237763,35.6958505512071,43.55472611517797,52.17679174052153
4,1.049560649326226,2.7207864905613466,5.173262331796767,8.406988173032076,12.421964014267228,17.218189855502665,22.795665696738258,29.154391537973623,36.29436737920919,44.21559322044416,52.89988442249812
5,0.8480118205378697,2.3897312865093907,4.71270075248101,7.816920218452442,11.702389684423997,16.369109150395612,21.817078616367244,28.046298082340606,35.05676754831374,42.84848701428492,51.4035308538232
6,0.8226066337185233,2.346952439378051,4.652548245037483,7.7393940506969585,11.60748985635631,16.256835662015906,21.6874314676751,27.899277273333496,34.89237307899431,42.66671888465577,51.204423811201636
7,0.7880624514644514,2.2883484719626943,4.569884492460825,7.632670512959005,11.476706533457044,16.10199255395519,21.508528574452686,27.696314594950113,34.66535061544753,42.415636635946406,50.929329896904775
8,0.5302445400510352,1.831093190496157,3.9131918409412094,6.77654049138605,10.421139141831139,14.846987792276312,20.054086442722205,26.042435093168077,32.81203374359755,40.362882394041385,48.67753715968277
9,1.0068314310061495,2.651718808241033,5.077856185475937,8.285243562710951,12.273880939946123,17.043768317181435,22.594905694416713,28.92729307165148,36.040930448886925,43.93581782612101,52.59382324109967
10,1.1506774313333397,2.8821728525367614,5.394918273740174,8.688913694943542,12.764159116146839,17.620654537350468,23.258399958554364,29.677395379757726,36.8776408009611,44.859136222163585,53.603576465024695
11,0.5246362341224418,1.8206584485074817,3.8979306628925765,6.756452877277567,10.396225091662728,14.817247306047449,20.01951952043302,26.003041734818257,32.76781394920177,40.313836163584526,48.623674146041886
12,3.370480961141468,6.055964671778015,9.522698382414516,13.77068209304996,18.7999158036859,24.61039951432235,31.202133224958647,38.57511693559706,46.729350646233925,55.66483435687127,65.3613549125924
13,0.6146951140983803,1.9853512951219663,4.137257476145724,7.0704136571692695,10.784819838192938,15.28047601921651,20.55738220024025,26.615538381264535,33.454944562286656,41.07560074331102,49.45992342447222
14,1.2008391078073937,2.9612491661100933,5.502909224412566,8.825819282715322,12.929979341017724,17.81538939932036,23.482049457623024,29.929959515925713,37.159119574228576,45.16952963253231,53.94282668321878
15,0.8853427959170973,2.4521259989748994,4.800159202032823,7.92944240509069,11.839975608148885,16.53175881120668,22.004792014264282,28.259075217321975,35.294608420380335,43.111391623439204,51.69144907259208
16,1.4197307503305434,3.2997614362977252,5.96104212226484,9.403572808232209,13.627353494199262,18.632384180166316,24.418664866134367,30.986195552101893,38.3349762380696,46.46500692403686,55.35768536113416
17,1.3846838629759926,3.246216248197373,5.888998633419004,9.313031018640677,13.51831340386214,18.504845789083898,24.27262817430502,30.821660559526826,38.15194294474878,46.26347532997063,55.137692462924754
18,0.8910913591366866,2.4616868031101573,4.813532247083669,7.9466276910570155,11.86097313503029,16.556568579004026,22.03341402297753,28.291509466951233,35.33085491092435,43.151450354897676,51.7353124204823
19,1.666152480179601,3.670271592434422,6.455640704689216,10.022259816944134,14.370128929198955,19.499248041453455,25.40961715370873,32.10123626596504,39.574105378220054,47.828224490477346,56.84474317700863
20,0.4941018543732433,1.763381591717789,3.813911329062334,6.64569106640681,10.258720803751181,14.653000541095507,19.828530278439885,25.785310015784546,32.523339753128646,40.042619490472966,48.32576848084399
21,0.42771003318869233,1.6358293309407215,3.625198628692759,6.395817926445011,9.9476872241971,14.280806521949216,19.395175819700853,25.290795117453577,31.967664415204208,39.42578371295507,47.647894584611244
22,1.0246153582539281,2.6805314304076195,5.11769750256133,8.336113574715453,12.335779646868874,17.116695719022644,22.67886179117633,29.022277863331155,36.14694393548549,44.05286000764015,52.72187206015219
23,0.5164682272405295,1.805414776054291,3.875611324868056,6.727057873681825,10.359754422495454,14.773700971309575,19.96889752012362,25.94534406893794,32.70304061774955,40.24198716656277,48.54476363477657
24,1.2425954166606419,3.0266174665111856,5.591889516361627,8.938411566212332,13.066183616062691,17.97520566591307,23.665477715762883,30.136999765613027,37.38977181546348,45.42379386531322,54.22065568356733
25,0.7417563388566322,2.2089473050023996,4.457388271147885,7.487079237293364,11.298020203439341,15.890211169585058,21.26365213573024,27.418343101875042,34.35428406802088,42.071475034165125,50.55213943087865
26,1.1042932848892015,2.8084852826622986,5.293927280435475,8.560619278208618,12.60856127598169,17.437753273755213,23.04819527152869,29.43988726930201,36.61282926707577,44.567021264850226,53.28421269112598
27,0.3384459181676325,1.4562722294539885,3.3553485407405073,6.035674852026881,9.49725116331305,13.740077474599389,18.7641537858857,24.569480097172875,31.156056408458262,38.52388271974419,46.65588119090858
28,1.017195382384601,2.6685216891878167,5.1010979959911715,8.314924302794443,12.31000060959774,17.086326916401102,22.643903223203708,28.9827295300071,36.10280583681099,44.00413214361416,52.66856361030116
29,0.7742269916425779,2.2647291095249926,4.53648122740751,7.589483345289979,11.423735463172367,16.03923758105474,21.435989698937032,27.613991816819535,34.573243934701416,42.313746052586005,50.81767497873231
30,0.9861889271331391,2.6181519949636813,5.031365062794353,8.22582813062519,12.201541198455784,16.95850426628674,22.49671733411719,28.816180401947765,35.91689346977936,43.7988565376098,52.443963491805825
31,2.998681431008544,5.5538940905758585,8.890356750143258,13.008069409710645,17.90703206927857,23.587244728846176,30.04870738841395,37.29142004798134,45.31538270754921,54.12059536712109,63.68710541386928
32,1.973318444066454,4.11987911169615,7.047689779325871,10.756750446955753,15.247061114585478,20.518621782215547,26.571432449845723,33.405493117476,41.02080378510612,49.41736445273564,58.57603981153317
33,1.142611504145019,2.869399097255095,5.377436690365344,8.666724283475483,12.737261876585999,17.589049469696352,23.222087062806594,29.63637465591669,36.831912249026225,44.80869984213736,53.54844167256181
34,1.113839200932587,2.823696459277394,5.314803717622025,8.587160975966626,12.640768234311382,17.475625492656214,23.091732751000702,29.48909000934527,36.66769726768834,44.62755452603309,53.35039988236042
35,0.961259667656359,2.5774328024569813,4.974855937257438,8.153529072057811,12.113452206858181,16.854625341658252,22.3770484764594,28.680721611260235,35.76564474606065,43.631817880860595,52.26116648189069
36,0.7699641414319593,2.2574341491643146,4.526154156896604,7.576124164628945,11.407344172361602,16.019814180094347,21.413534187827462,27.588504195562937,34.5447242032946,42.28219421102692,50.783097091243995
37,1.2100676888415558,2.9757311478727404,5.522644606903815,8.850808065935091,12.960221524966498,17.85088498399763,23.522798443029078,29.97596190206068,37.210375361091955,45.22603882012338,54.00457876473807
38,1.0046398254490179,2.6481613603887753,5.072932895328579,8.278954430268232,12.266225965208108,17.034747500148363,22.58451903508849,28.915540570030352,36.027812104967815,43.921333639908205,52.5779759442776
39,1.102230212755283,2.805194615284278,5.289409017813428,8.554873420342542,12.601587822871585,17.42955222540087,23.03876662792947,29.429231030458876,36.60094543298871,44.55390983551795,53.26987612174047
40,2.544451387142678,4.9289934597438565,8.094785532344833,12.041827604946459,16.770119677547633,22.279661750148282,28.57045382274959,35.64249589535131,43.49578796795131,52.13033004055388,61.526510841511005
41,1.5276279037856841,3.463218469636662,6.180059035487711,9.678149601338598,13.957490167189656,19.01808073304045,24.859921298890907,31.483011864741293,38.88735243059256,47.07294299644434,56.02107019365828
42,0.7592538882910562,2.2390685873126666,4.500133286334118,7.542447985355963,11.366012684377322,15.970827383398962,21.35689208242104,27.52420678144312,34.47277148046458,42.202586179486374,50.69584906161019
43,1.2325513183784444,3.0109304158202224,5.570559513261867,8.911438610703492,13.03356770814517,17.936946805586803,23.621575903028447,30.08745500047008,37.33458409791283,45.36296319535238,54.15419334709713
44,0.5241755994882237,1.8198002537423372,3.8966749079966014,6.754799562250753,10.394174216504961,14.814798870759127,20.016673525012962,25.999798179267277,32.76417283352215,40.30979748777631,48.619238705221285
45,1.4451029834557962,3.3383834368614487,6.012913890267025,9.468694343672635,13.705724797078426,18.72400525048401,24.523535703889184,31.104316157295905,38.4663466107015,46.60962706410743,55.515528769102424
46,1.5389276700286856,3.48022171415712,6.202765758285725,9.706559802414402,13.991603846543352,19.057897890672002,24.905441934800795,31.534235978930486,38.94428002305836,47.13557406718644,56.089393335728346
47,0.7944145875240401,2.2991638144424575,4.585163041360938,7.65241226827927,11.500911495197615,16.130660722115813,21.54165994903418,27.733909175952594,34.707408402870406,42.46215762978867,50.98030517075437
48,0.5194595109214194,1.8110037558122714,3.8837980007031287,6.737842245593965,10.373136490484923,14.78968073537558,19.987474980266658,25.966519225157434,32.72681347004728,40.26835771493719,48.57372668383976
49,1.2218229183969824,2.994149156000839,5.547725393604606,8.882551631208406,12.998627868812013,17.89595410641583,23.57453034401974,30.034356581623417,37.27543281922711,45.29775905683086,54.08294845445911
50,1.0095800846373777,2.656178365502077,5.084026646366587,8.293124927231089,12.283473208095792,17.05507148896019,22.607919769824846,28.94201805068907,36.05736633155335,43.95396461241631,52.61367750921911
51,0.3429253051979612,1.4655481121424148,3.3694209190869366,6.054543726031507,9.52091653297608,13.768539339920833,18.79741214686585,24.607534953810475,31.198907760755514,38.5715305677005,46.70831594152838
52,1.4650815308125138,3.3687134349258234,6.0535953390392105,9.519727243152559,13.767109147265963,18.795741051379988,24.605622955493466,31.19675485960713,38.569136763721204,46.72276866783579,55.63900112063994
53,1.2555790353774843,3.0468618246953945,5.619394614013385,8.97317740333118,13.108210192649345,18.024492981967242,23.722025771286198,30.200808560604465,37.46084134992276,45.50212413924076,54.30623217547699
54,0.6502265630171745,2.048809401775324,4.228642240533514,7.189725079291764,10.932057918050036,15.45564075680822,20.76047359556653,26.846556434324715,33.71388927308284,41.36247211184164,49.77466559742099
55,0.4451979236779788,1.6698623446567897,3.6757767656357014,6.462941186614513,10.03135560759336,14.381020028572646,19.511934449551887,25.42409887053107,32.11751329151041,39.5921777124895,47.83080061712881
56,0.6168529410496207,1.989227766814748,4.14285259257999,7.077727418345176,10.793852244110356,15.291227069875344,20.569851895640273,26.62972672140525,33.4708515471699,41.09322637293444,49.479264261548614
57,0.530606585887919,1.8317659292543176,3.9141752726206436,6.777834615987182,10.422743959353518,14.84890330271992,20.056312646086127,26.044971989452446,32.814881332817954,40.36604067618273,48.68100551336175
58,1.472786918761019,3.380392327521751,6.069247736282405,9.539353145043119,13.790708553804158,18.823313962564903,24.637169371325857,31.232274780086026,38.6086301888472,46.76623559760925,55.68643360805059
59,2.3742046963478853,4.69088650704759,7.788818317747745,11.668000128447812,16.328431939147688,21.770113749847734,27.99304556054785,34.99722737124832,42.78265918194779,51.34934099264753,60.6777972522254
60,3.051576921890318,5.625797337816491,8.98126775374249,13.117988169668763,18.035958585595814,23.735179001521505,30.215649417447818,37.47736983337345,45.52034024929864,54.34456066522258,63.93004045282049
61,3.2008895576968954,5.82789331226895,9.236147066841188,13.425650821413418,18.396404575985354,24.148408330556872,30.681662085129727,37.99616583970245,46.09191959427423,54.96892334884353,64.60708090840181
62,1.7790601933430406,3.8369528839368097,6.6760955745303585,10.296488265124164,14.698130955718002,19.88102364631155,25.845166336905887,32.59055902749899,40.1172017180929,48.42509440868678,57.49527912639702
63,1.2815773306917897,3.0872869851229137,5.674246639554012,9.042456293985047,13.191915948415712,18.122625602846398,23.834585257277293,30.327794911708256,37.60225456613866,45.65796422056886,54.476470268191186
64,0.5242991535057374,1.8200304607162785,3.897011767926882,6.755243075137469,10.394724382347698,14.815455689557904,20.01743699676889,26.000668303979634,32.76514961118962,40.31088091840066,48.62042857549595
65,1.1485765475536729,2.8788473423637524,5.390368137173745,8.683138931983752,12.757159726793793,17.612430521603773,23.248951316414104,29.666722111224523,36.865742906034086,44.846013700844786,53.58923176656417
66,0.9352188088726452,2.5346777051806577,4.9153866014887475,8.077345497796777,12.020554394104702,16.74501329041305,22.250722186721525,28.537681083030538,35.605889979339636,43.4553488756485,52.068016666663155
67,0.6608674370538237,2.06766435675852,4.255711276463317,7.225008196168119,10.97555511587289,15.507352035577833,20.820398955282414,26.914695874987114,33.79024279469389,41.447039714399274,49.86743085276589
68,0.8459182781837181,2.3862159749378837,4.707763671692051,7.810561368446428,11.694609065200833,16.35990676195444,21.806454458708707,28.034252155462568,35.04329985221732,42.83359754897181,51.38722246283183
69,0.6413012012099718,2.0329422484791153,4.205833295748211,7.159974343017339,10.895365390287122,15.412006437556437,20.709897484825515,26.789038532094388,33.649429579363556,41.29107062663471,49.69633620430934
70,1.1217009214305333,2.836205708169327,5.331960494908143,8.608965281646922,12.667220068385609,17.506724855123966,23.127479641863125,29.52948442860163,36.71273921534183,44.67724400208141,53.40472759174928
71,1.0709664936976035,2.755185381439099,5.220654269180577,8.467373156922035,12.495342044663571,17.304560932404698,22.89502982014607,29.266748707887704,36.419717595630054,44.353936483371385,53.05119474583865
72,1.0402300156675592,2.70575085434618,5.1525216930250535,8.380542531704048,12.389813370382756,17.180334209061574,22.752105047739942,29.10512588641897,36.2393967250972,44.154917563777225,52.83351517327508
73,0.8820795160734592,2.4466931207305165,4.792556725387483,7.919670330044517,11.828033934701631,16.517647539358787,21.98851114401589,28.240624748672992,35.27398835332928,43.088601957987336,51.66649414793511
74,1.2281535393710783,3.0040546509340156,5.561205762497095,8.899606874059947,13.019257985623218,17.920159097186247,23.602310208749326,30.065711320312413,37.310362431874935,45.33626354343843,54.125020665280104
75,1.26661114935316,3.0640339034259076,5.64270665749872,9.002629411571291,13.143802165643903,18.066224919716834,23.76989767378964,30.254820427862033,37.52099318193434,45.56841593600804,54.37865165707003
76,1.1698692209349741,2.912500381317034,5.436381541699064,8.74151270208104,12.8278938624632,17.695525022845366,23.34440618322805,29.774537343610277,36.985918503991364,44.978549664372764,53.7341033749316
77,0.95729227704969,2.5709337049403946,4.965825132830898,8.141966560721489,12.09935798861175,16.837999416502452,22.357890844392625,28.65903227228346,35.74142370017346,43.605065128065135,52.231887085599105
78,0.5646837951630203,1.8946268616038473,4.005819928044552,6.898262994485463,10.571956060926107,15.026899127366798,20.263092193807733,26.280535260248776,33.079228326689595,40.659171393130734,49.00286238593796
79,1.8164979177366987,3.8918418843492044,6.748435850962069,10.386279817574469,14.805373784186585,20.005717750799636,25.98731171741295,32.75015568402472,40.29424965063711,48.61959361724912,57.707194708429206
80,0.8247219171992093,2.350524434428912,4.657576951658694,7.745879468888353,11.615431986117722,16.2662345033471,21.698287020576416,27.91158953780548,34.906142055034856,42.681944572264065,51.22110329695898
81,2.0969483484669706,4.2976788134826345,7.279659278498464,11.042889743513873,15.587370208529663,20.913100673545124,27.02008113856099,33.90831160354422,41.577792068554984,50.02852253356779,59.24125935014412
82,1.1881520539080102,2.9413069010058495,5.475711748103505,8.791366595201211,12.888271442298782,17.766426289396403,23.42583113649373,29.86648598359124,37.0883908306894,45.09154567778617,53.857602027688756
83,1.6897930352001895,3.7053185298458198,6.502094024491578,10.080119519137087,14.439395013782883,19.57992050842835,25.501696003074088,32.20472149771866,39.68899699236549,47.95452248701037,56.98242474317038
84,0.5073140796119261,1.7882638795548222,3.8504636794977816,6.693913479440594,10.3186132793835,14.72456307932622,19.911762879268846,25.880212679212196,32.62991247915465,40.16086227909767,48.45565799194085
85,1.5015168802331273,3.4238468535764315,6.1274268269197245,9.612256800263005,13.878336773606224,18.925666746949172,24.754246720292315,31.36407669363582,38.75515666697701,46.92748664032047,55.86237976622221
86,1.0378648239002537,2.7019354597025487,5.147256095504874,8.373826731307176,12.38164736710913,17.17071800291158,22.741038638713103,29.09260927451538,36.22542991031905,44.1395005461243,52.81665085315466
87,2.288248224256485,4.569742825895352,7.632487427533986,11.476482029173104,16.10172663081215,21.508221232451522,27.695965834090384,34.66496043572824,42.415205037366555,50.946699639005516,60.240039063938475
88,1.4971544981707958,3.417257809031093,6.1186111198911455,9.601214430751334,13.865067741611275,18.910171052471675,24.736524363332435,31.34412767419222,38.732980985052336,46.90308429591434,55.83575521264752
89,1.23877473255711,3.0206529516441463,5.583781170731413,8.928159389818466,13.053787608905655,17.960665827993157,23.648794047080376,30.11817226616875,37.36880048525637,45.40067870434398,54.19540097949464
90,0.7722171874833441,2.2612908005020254,4.531614413520608,7.583188026539504,11.41601163955822,16.03008525257686,21.425408865595326,27.601982478614037,34.559806091631536,42.29887970464941,50.801382982942876
91,1.8615813359652398,3.957703576492401,6.835075817019685,10.493698057547002,14.933570298074152,20.154692538601083,26.15706477912815,32.940687019656,40.505559260182466,48.85168150071053,57.96001930925388
92,1.4676749379122391,3.372645370925374,6.058865803938527,9.526336236951444,13.775056669964725,18.805027102977583,24.616247535990787,31.20871796900792,38.58243840202223,46.73740883503519,55.654977139683375
93,1.648610100061658,3.6442127576465158,6.421065415231327,9.979168072815773,14.318520730400449,19.439123387984633,25.340976045569803,32.0240787031541,39.48843136073999,47.734034018324024,56.742053283086925
94,3.0849806500440295,5.671119773363244,9.038508896682096,13.187148020000986,18.11703714331981,23.828176266638863,30.320565389957725,37.59420451327714,45.649093636595744,54.48523275991684,64.08260741748641
95,1.1318618378641878,2.852349282503834,5.354086727143257,8.637074171782949,12.701311616422874,17.54679906106269,23.173536505702486,29.581523950342554,36.770761394984625,44.74124883962497,53.47470312187703
96,0.3215273759317989,1.4209446761813116,3.3016119764310683,5.963529276680892,9.406696576930768,13.63111387718067,18.636781177430557,24.423698477679817,30.991865777930098,38.34128307817916,46.45490935632911
97,0.6298452232462989,2.012505082171263,4.176414941096281,7.1215748000213175,10.847984658946325,15.355644517871255,20.644554376795828,26.714714235720663,33.56612409464583,41.198783953571755,49.59508630527834
98,0.7674756111360872,2.2531716784185867,4.520117745701064,7.568313812983771,11.397759880266515,16.00845594754932,21.40040201483195,27.573598082114554,34.52804414939695,42.26374021667976,50.7628727043284
99,1.0810005268007605,2.7712652165325693,5.2427799062643174,8.495544595996083,12.529559285727736,17.34482397545947,22.94133866519149,29.319103354923204,36.47811804465599,44.418382734386576,53.121674707236394
100,2.0894421507160064,4.286930001209535,7.26566785170318,11.025655702196746,15.566893552690402,20.889381403184345,26.99311925367859,33.878107104174035,41.54434495466807,49.991832805161785,59.20133349245368
101,0.460896981095061,1.7001394054747534,3.7206318298544443,6.52237425423415,10.105366678613944,14.469609102994074,19.61510152737354,25.541843951753822,32.24983637613364,39.739078800512,47.992250552542934
102,0.45436455770659817,1.6875716732398738,3.702028788773025,6.497735904306052,10.0746930198394,14.432900135372416,19.572357250906006,25.49306436643835,32.1950214819712,39.678228597504464,47.925377111305956
103,2.6649294955790612,5.096130967275815,8.308582438972522,12.302283910669253,17.07723538236581,22.633436854062484,28.97088832575848,36.089589797456654,43.989541269152696,52.670742740849896,62.1134896221052
104,1.5856775628618482,3.5503486841593817,6.296269805456917,9.823440926754563,14.131862048052183,19.221533169350014,25.09245429064822,31.744625411945652,39.17804653324368,47.392717654540995,56.36986724609669
105,0.34198860826939426,1.4636110093731745,3.366483410476927,6.050605811580777,9.515978212684564,13.762600613788408,18.79047301489251,24.599595415996294,31.189967817100584,38.561590218204344,46.69737718700667
106,0.9297321965712279,2.525639967186682,4.902797737802204,8.061205508417636,12.000863279032782,16.72177104964827,22.223928820263414,28.507336590878015,35.57199436149335,43.4179021321063,52.02702589968035
107,0.9421063279448375,2.5460083521291907,4.931160376313478,8.09756240049784,12.045214424682191,16.774116448866895,22.28426847305179,28.575670497236306,35.64832252142068,43.50222454560596,52.119326578242784
108,2.5455207319935553,4.930481747749023,8.096692763504686,12.044153779260022,16.772864795015366,22.282825810770827,28.574036826526175,35.64649784228269,43.500208858040295,52.13516987379777,61.53176878001419
109,3.61079836998286,6.376685977169219,9.92382358435568,14.252211191541951,19.361848798728367,25.25273640591451,31.924874013100904,39.37826162028812,47.6128992274762,56.62878683466107,66.40555047913305
110,0.5250693048729987,1.8214651306693825,3.8991109564657758,6.758006782262085,10.398152608058275,14.819548433854441,20.02219425965108,26.006090085447802,32.771235911235074,40.31763173703168,48.627842583678266
111,1.1401575102498678,2.8655094897348907,5.3721114692200205,8.659963448705112,12.729065428190275,17.579417407675756,23.21101938716129,29.623871366646462,36.817973346130266,44.793325325616316,53.531634413641456
112,1.6851810133912661,3.698487538960678,6.493044064530252,10.068850590099837,14.425907115669201,19.56421364123848,25.48377016680807,32.18457669237663,39.666633217946796,47.929939743516876,56.955627468533685
113,1.0148506377457938,2.6647230802596718,5.095845522773507,8.308217965287476,12.30184040780131,17.07671285031534,22.632835292829366,28.9702077353438,36.088830177858874,43.988702620373374,52.65168313050193
114,1.9003277662509928,4.014107470497765,6.909137174744481,10.585416878991175,15.042946583237976,20.28172628748428,26.301755991730975,33.103035695977056,40.68556540022116,49.049345104467584,58.175305061807606
115,1.1481822465783973,2.8782230745716384,5.389513902564742,8.68205473055796,12.75584555855075,17.61088638654389,23.2471772145377,29.664718042531106,36.86350887052397,44.84354969851691,53.58653825735137
116,1.4529345761206756,3.350281274108719,6.028877972096817,9.488724670085025,13.72982136807326,18.752168066060516,24.555764764047776,31.14061146203638,38.506708160026115,46.65405485801463,55.56401467510607
117,1.1995918113885509,2.9592902956452245,5.500238779901906,8.8224372641583,12.925885748414643,17.810584232671378,23.47653271692779,29.9237312011844,37.15217968544086,45.16187816969778,53.93446506948769
118,4.886143214054826,8.039845985663979,11.974798757272719,16.69100152888138,22.18845430049023,28.467157072099138,35.52710984370667,43.368312615315546,51.9907653869228,61.39446815853355,71.5582713371038
119,2.0166637353481978,4.182404812251853,7.129395889155528,10.857636966059431,15.36712804296329,20.657869119867087,26.72986019677114,33.5831012736748,41.217592350580254,49.63333342748556,58.81115083472911
120,0.5296194031655151,1.8299313369211347,3.9114932706767673,6.774305204432424,10.418367138188007,14.84367907194385,20.050241005699462,26.038052939455316,32.807114873210125,40.35742680696538,48.671545929353776
121,0.7332461416247837,2.194243551717873,4.436490961810965,7.45998837190397,11.264735781996997,15.850733192090132,21.21798060218337,27.36647801227696,34.29622542236948,42.00722283246238,50.481706060235815
122,1.089410410519904,2.784720723703653,5.261281036887517,8.519091350071403,12.558151663254986,17.378461976438803,22.98002228962331,29.36283260280686,36.52689291599191,44.47220322917625,53.18053073423255
123,0.4315513528925465,1.6433334565543607,3.6363655602162854,6.410647663878439,9.966179767540526,14.302961871202637,19.42099397486515,25.320276078527232,32.00080818218953,39.46259028585263,47.68835663780809
124,2.471575372968258,4.827355969928292,7.964386566888248,11.88266716384809,16.582197760807883,22.062978357767978,28.325008954728112,35.36828955168868,43.19282014864786,51.79860074560833,61.16607759387736
125,1.3518468044157357,3.1958336423279063,5.821070480240296,9.227557318152284,13.415294156064157,18.384280993976233,24.13451783188883,30.666004669801058,37.978741507711845,46.07272834562439,54.929435022358085
126,1.2275596963405988,3.003125859542837,5.55994202274502,8.898008185947432,13.017324349149428,17.917890512351658,23.599706675554064,30.062772838755468,37.30708900195482,45.3326551651585,54.12107800853177
127,2.3032019861852913,4.590864967727731,7.659777949270344,11.509940930812476,16.14135391235539,21.554016893899004,27.747929875441805,34.723092856984174,42.47950583852827,51.01716882007041,60.31666428814835
128,1.0097849507689975,2.6565106575500983,5.08448636433122,8.293712071112115,12.284187777893218,17.055913484674416,22.608889191455233,28.94311489823628,36.058590605017294,43.95531631179717,52.615156379663574
129,1.3831822081957703,3.243916796051681,5.885901383907509,9.309135971763444,13.513620559619257,18.49935514747516,24.266339735331133,30.814574323186946,38.144058911044205,46.25479349889943,55.12821443007762
130,1.6209256808394343,3.6029954258153913,6.366315170791205,9.910884915766868,14.236704660742754,19.34377440571883,25.232094150695147,31.901663895672087,39.352483640648494,47.584553385625696,56.579066803616215
131,1.6277628641476722,3.6131854924474682,6.37985812074721,9.927780749047306,14.256953377347244,19.367376005646715,25.259048633946637,31.931971262246726,39.38614389054735,47.621566518847374,56.61942611438805
132,1.1646069457286135,2.9041938994917995,5.425030853255125,8.72711780701885,12.810454760782354,17.675041714545777,23.32087866830916,29.747965622072638,36.956302575836844,44.94588952960089,53.69840512195798
133,1.0207718926461393,2.674312599357871,5.10910330606965,8.325144012781369,12.32243471949307,17.100975426204673,22.660766132916546,29.001806839628077,36.124097546340174,44.027638253052444,52.694279690850195
134,1.4937153864728094,3.4120610060114838,6.111656625550214,9.592502245089175,13.854597864627767,18.897943484166586,24.722539103705042,31.328384723243293,38.71548034278288,46.88382596232356,55.814742703128594
135,1.5655517938398338,3.5202019464108494,6.256102098981777,9.77325225155258,14.071652404123602,19.151302556694535,25.012202709264898,31.654352861809222,39.07775301437799,47.28240316694607,56.24955183170836
136,3.366322746187093,6.050390418441544,9.515708090695814,13.762275762950068,18.79009343520442,24.599161107458652,31.18947877971254,38.56104645196571,46.71386412422108,55.64793179647132,65.34303914588503
137,0.730946659442824,2.1902643914192175,4.430832123395675,7.452649855371913,11.255717587348045,15.840035319324627,21.205603051301267,27.35242078327755,34.280488515250745,41.98980624722785,50.46261315624101
138,2.2210296759988695,4.474544599947238,7.50930952389538,11.32532444784376,15.922589371792245,21.30110429574108,27.460869219690043,34.401884143642825,42.124149067591496,50.62766399154188,59.89307969813705
139,1.437469686413406,3.3267762353159536,5.997332784218477,9.449139333121092,13.682195882023873,18.696502430926103,24.492058979828933,31.068865528731045,38.42692207763219,46.56622862653469,55.468164374840725
140,1.4264167190501078,3.309950330960541,5.974733942870971,9.42076755478091,13.648051166691072,18.65658477860168,24.446368390512042,31.017402002421555,38.369685614332845,46.50321922624258,55.39939358343393
141,0.4881189676794604,1.7520628596077377,3.7972567515360622,6.623700643464421,10.231394535392692,14.620338427320648,19.790532319248886,25.74197621117733,32.47467010310566,39.98861399503412,48.266437811678756
142,1.1894677478975682,2.9433767814319283,5.478535814966392,8.794944848500762,12.892603882035022,17.77151291556931,23.43167194910392,29.873080982638065,37.09574001617308,45.09964904970865,53.86645807767589
143,1.4701034105604627,3.376326173491197,6.063798936421995,9.532521699352715,13.782494462283363,18.813717225214347,24.626189988145224,31.219912751076595,38.59488551400796,46.75110827693724,55.66992640684409
144,1.2363922239149585,3.016931915494138,5.5787216070731604,8.921761298652394,13.046050990231318,17.951590681810302,23.638380373389978,30.106420064968077,37.35570975654749,45.38624944812799,54.17963587281955
145,1.0466422386055239,2.716086419655393,5.166780600705251,8.39872478175527,12.41191896280482,17.206363143853984,22.78205732490321,29.139001505952628,36.27719568700034,44.19663986804952,52.87915297323725
146,0.5880491905297739,1.9372287587222072,4.067658326914694,6.979337895107344,10.67226746329948,15.146447031492032,20.40187659968353,26.438556167876374,33.25648573606961,40.85566530426069,49.218554325817315
147,2.0194864606282827,4.186469418566822,7.134702376505296,10.864185334443802,15.374918292382528,20.666901250320855,26.74013420825902,33.59461716619841,41.230350124135605,49.64733308207425,58.82638988659291
148,1.0646269204320433,2.745011418623247,5.2066459168147015,8.449530415006114,12.473664913197396,17.279049411388534,22.865683909580145,29.23356840777197,36.3827029059627,44.313087404156406,53.00651894585131
149,0.9661733302810444,2.585474784260748,4.986026238240203,8.16782769221963,12.130879146199206,16.8751806001784,22.40073205415733,28.707533508135942,35.795584962115235,43.66488641609484,52.297357079668316
150,0.7509995119523798,2.22487736213348,4.480005212314512,7.51638306249561,11.334010912676582,15.932888762857239,21.313016613038123,27.4743944632188,34.41702231339992,42.140900163580866,50.628238070561785
151,1.9567807484598,4.095967991981048,7.016405235502418,10.718092479023799,15.201029722545053,20.465216966066215,26.510654209587578,33.33734145310856,40.94527869662826,49.33446594015003,58.48578262168501
152,1.1518897936345258,2.884091404400404,5.397543015166225,8.692244625933693,12.768196236699964,17.625397847466147,23.263849458232826,29.6835510689992,36.88450267976559,44.866704290530734,53.61184931057068
153,0.4172653494919996,1.615341344030445,3.5946673385689727,6.355243333107444,9.897069327645994,14.220145322184402,19.324471316722857,25.210047311261416,31.87687330580031,39.32494930033935,47.53703695539019
154,0.9741226799751455,2.598468348303394,5.004064016631754,8.190909684961465,12.15900535328989,16.90835102161803,22.438946689946544,28.750792358275838,35.84388802660469,43.7182336949321,52.355738484424094
155,0.9209457530216452,2.51114473535726,4.882593717692934,8.035292700028716,11.969241682364347,16.68444066470013,22.18088964703587,28.45858862937125,35.51753761170642,43.35773659404151,51.96116299091182
156,2.4315388550860195,4.7713379009504395,7.892386946815097,11.794685992679874,16.478235038544288,21.943034084409458,28.18908313027446,35.216382176139064,43.024931222003566,51.61473026786805,60.966257528142215
157,0.8602877546744263,2.4103089840448733,4.7415802134152365,7.85410144278585,11.747872672156719,16.42289390152718,21.87916513089775,28.116686360267956,35.13545758963747,42.93547881900641,51.49880781842039
158,1.148356038988335,2.878498232203443,5.389890425418568,8.682532618633587,12.756424811848666,17.61156700506398,23.24795919827851,29.665601391493222,36.86449358470834,44.84463577792309,53.587725499253665
159,0.38078065775264686,1.5427484983482922,3.4859663389440594,6.210434179539857,9.716152020135754,14.003119860731552,19.071337701327753,24.920805541923265,31.551523382519523,38.9634912231136,47.13954294052796
160,1.7389870957928868,3.7779953452760178,6.598253594759137,10.199761844242477,14.582520093725831,19.746528343208958,25.691786592692537,32.41829484217601,39.926053091659895,48.21506134114402,57.266399386632976
161,1.3139596049917435,3.137435568211478,5.742161531431135,9.128137494650746,13.295363457870204,18.24383942109005,23.973565384309936,30.48454134753056,37.77676731074936,45.850243273968715,54.6864800977629
162,0.7072099175888813,2.149032090450459,4.372104263312015,7.376426436173605,11.161998609035281,15.728820781896937,21.076892954758605,27.20621512761189,34.11678730047222,41.80860947332888,50.26395581434223
163,1.4614198010253239,3.363159766573016,6.0461497321207025,9.510389697668472,13.755879663215765,18.782619628763754,24.5906095943107,31.17984955985837,38.550339525405796,46.702079490953764,55.61642378906913
164,1.0864392723384428,2.7799692431741883,5.2547492140100855,8.510779184846157,12.548059155682177,17.366589126518004,22.96636909735369,29.34739906818925,36.509679039026146,44.453209009863194,53.15975973325604
165,0.5046282996137123,1.7832182303097868,3.8430581610059185,6.684148091702184,10.306488022398522,14.710077953094757,19.894917883791194,25.861007814487422,32.60834774518429,40.136937675881946,48.42937823921659
166,2.369089159380625,4.683694879536883,7.779550599692831,11.656656319848933,16.315012040005485,21.754617760161445,27.975473480318076,34.97757920047362,42.760934920629225,51.325540640784155,60.651924961995114
167,3.333088544634062,6.005807068351016,9.459775592068084,13.694994115785368,18.711462639502514,24.50918116321854,31.088149686935406,38.44836821065145,46.589836734369115,55.51255525808625,65.19633615726096
168,1.7348976685346387,3.771966596242299,6.590285523949822,10.189854451657618,14.570673379364935,19.732742307072964,25.676061234781113,32.40063016249356,39.906449090200006,48.19351801790922,57.242920620256996
169,2.88601078878332,5.4001686605502615,8.695576532317595,12.772234404084662,17.630142275851295,23.269300147617813,29.689708019384693,36.89136589115158,44.874273762917504,53.63843163468483,63.1639690032214
170,1.2694610748891195,3.0684656151813394,5.648720155473609,9.010224695765826,13.152979236058481,18.07698377635076,23.782238316643692,30.268742856935848,37.53649739722857,45.58550193752114,54.39731628122971
171,1.491359797109713,3.4085003335468027,6.106890869984042,9.586531406421123,13.847421942858078,18.88956247929495,24.7129530157319,31.317593552169132,38.70348408860488,46.87062462504329,55.80033869290396
172,0.4907080946261307,1.7569650937291406,3.804472092832268,6.633229091935265,10.243236091038176,14.634493090140912,19.807000089243253,25.760757088345557,32.49576408744886,40.01202108655178,48.292153384157714
173,2.889810451848254,5.4053657638851,8.702171075921889,12.78022638795877,17.639531699995423,23.280087012032386,29.701892324068595,36.90494763610556,44.88925294814092,53.65480826017929,63.181740274091055
174,0.8975932891930957,2.472485790378684,4.8286282915642795,7.966020792749902,11.884663293935608,16.58455579512093,22.065698296306568,28.328090797491996,35.37173329867729,43.19662579986321,51.78477632854733
175,1.4912172728549855,3.408284865563966,6.106602458273,9.586170050981957,13.846987643691152,18.88905523640004,24.712372829109224,31.31694042181927,38.70275801452925,46.86982560723727,55.799466877257295
176,1.0611461664323398,2.739420530603593,5.198944894774652,8.439719258945699,12.461743623116865,17.265017987287845,22.849542351458812,29.21531671563815,36.362341079812296,44.29061544398357,52.981941071924474
177,0.4459998820240608,1.671415164467661,3.6780804469113946,6.46599572935522,10.0351610117987,14.385576294242611,19.517241576687038,25.43015685913106,32.124322141575156,39.59973742401952,47.83910968839906
178,1.3023517195386791,3.119484539979695,5.717867360420487,9.097500180861475,13.258383001302008,18.20051582174303,23.92389864218338,30.428531462624026,37.71441428306629,45.781547103506426,54.61145347080757
179,0.6296569598674091,2.0121685460217558,4.17593013217603,7.120941718330448,10.847203304484873,15.354714890639107,20.64347647679405,26.713488062948645,33.56474964910382,41.197261235258864,49.593415610740564
180,0.897781214613672,2.4727976819225668,4.829064149231568,7.9665806165404245,11.885347083849355,16.585363551158796,22.06663001846776,28.32914648577718,35.37291295308839,43.19792942039734,51.78620366727106
181,1.5301435315391454,3.467005663427343,6.185117795315253,9.6844799272036,13.965092059091608,19.026954190979932,24.87006632286856,31.494428454756825,38.900040586645495,47.08690271853307,56.036298938658554
182,1.9678297306125114,4.1119466621828185,7.037313593753191,10.743930525323702,15.231797456893709,20.500914388463556,26.551281320033798,33.38289825160381,40.99576518317523,49.389882114746015,58.54611862495338
183,2.903222452256148,5.423703100334506,8.725433748412536,12.808414396491091,17.672645044569165,23.318125692646678,29.744856340724983,36.952836988805934,44.942067636888126,53.71254828496375,63.244395784244816
184,0.41695565927158357,1.6147319571157663,3.5937582549600218,6.354034552804237,9.895560850648716,14.21833714849291,19.32236344633687,25.207639744180323,31.87416604202546,39.32194233987036,47.5337308976197
185,2.241873445057622,4.504109317515605,7.547595189973531,11.372331062431657,15.978316934889415,21.365552807347367,27.534038679805516,34.48377455226326,42.21476042472184,50.72699629718109,60.00111551039395
186,0.6038723693164818,1.9658626852799552,4.109103001243485,7.033593317206816,10.739333633170158,15.226323949134128,20.494564265096614,26.544054581060436,33.37479489702242,40.98678521298693,49.3624593608193
187,2.495781101838471,4.861161269352148,8.007791436865954,11.935671604379618,16.644801771893654,22.13518193940724,28.40681210692026,35.45969227443383,43.2938224419465,51.90920260946024,61.28625982913207
188,0.8581534084300608,2.4067355322788875,4.7365676561275984,7.847649779976512,11.739981903825873,16.41356402767483,21.86839615152339,28.104478275372696,35.12181039922055,42.92039252306922,51.482285295169774
189,0.92886886251717,2.524216900266041,4.900814938014942,8.058662975763774,11.997761013512655,16.718109051261397,22.219707089010274,28.502555126759773,35.56665316450797,43.41200120225819,52.020566356432006
190,0.6880295536188711,2.1154988898283182,4.324218226037708,7.314187562247179,11.085406898456503,15.63787623466608,20.971595570875557,27.086564907087016,33.98278424329469,41.660253579503696,50.10127578954012
191,1.3328788103742215,3.1666334446102233,5.781638078846012,9.177892713081748,13.355397347317542,18.314151981553337,24.05415661578967,30.57541125002565,37.87791588426288,45.961670518498885,54.80816545596939
192,1.5490798677120483,3.4954803313634986,6.223130795015063,9.732031258666554,14.022181722317812,19.0935821859685,24.946232649619674,31.58013311327061,38.99528357692333,47.191684040574415,56.15059951580166
193,1.154177899767593,2.887711298872543,5.402494697977623,8.698528097082715,12.775811496187913,17.63434489529317,23.274128294398533,29.695161693503792,36.89744509260899,44.88097849171205,53.62745263651579
194,0.8154465457049298,2.334847532189232,4.635498518673463,7.717399505157797,11.580550491641882,16.224951478126126,21.650602464610504,27.85750345109521,34.845654437579924,42.61505542406817,51.14782542108028
195,0.7871923644481835,2.286865636368875,4.567788908289487,7.629962180210094,11.473385452130794,16.098058724051608,21.503981995972424,27.69115526789308,34.659578539813175,42.40925181173604,50.92233354961179
196,1.1247694092485176,2.841083740106625,5.338648070964639,8.617462401822575,12.677526732680409,17.51884106353854,23.141405394396728,29.54521972525531,36.7302840561134,44.696598386970194,53.425887901667615
197,1.256307679904008,3.0479968289889303,5.620935978073425,8.975125127158028,13.11056427624315,18.027253425328283,23.72519257441297,30.204381723498308,37.464820872583665,45.506510021668625,54.31102360495345
198,1.0877512098037099,2.7820676093756207,5.2576340089478775,8.51445040851997,12.552516808091719,17.371833207663887,22.972399607236248,29.354216006808638,36.5172824063801,44.46159880595043,53.16893438522246
199,1.746365657301973,3.7888672687756686,6.612618880249453,10.217620491723551,14.603872103197741,19.771373714672126,25.72012532614579,32.45012693762035,39.96137854909417,48.25388016056754,57.3087045813166
200,3.7318004850872724,6.537159064169876,10.123767643252316,14.491626222334821,19.640734801416677,25.571093380499125,32.28270195958056,39.77556053866458,48.0496691177458,57.10502769682662,66.92118337125576
201,1.9635293148926263,4.105729193257484,7.029179071622422,10.733878949987497,15.219828828352307,20.48702870671837,26.535478585083453,33.36517846344902,40.97612834181393,49.36832822017919,58.522651511292416
202,2.125455268145912,4.338447919438501,7.33269057073126,11.108183222023948,15.664925873316642,21.002918524608425,27.12216117590037,34.02265382719368,41.704396478486366,50.16738912977759,59.39236360827361
203,0.8418912275639527,2.379449112727062,4.698256997889922,7.798314883052885,11.679622768215632,16.342180653378545,21.785988538541847,28.01104642370492,35.01735430886792,42.8049121940333,51.35580277592755
204,0.5407153775389355,1.850507270657073,3.9415491637751936,6.813841056893384,10.467382950011553,14.9021748431297,20.118216736247827,26.11550862936539,32.89405052248326,40.4538424156011,48.7774225374316
205,1.31837603819728,3.144258004626249,5.751389971055323,9.139771937484328,13.30940390391372,18.260285870343214,23.992417836772162,30.505799803201597,37.800431769633036,45.87631373606306,54.714951751060845
206,0.7942626966601469,2.2989054090557977,4.584798121451689,7.65194083384718,11.500333546242993,16.129976258638614,21.54086897103451,27.733011683436494,34.70640439583349,42.46104710822892,50.97908834769776
207,2.987677420727692,5.538914826941998,8.871402233156198,12.985139639370578,17.880127045584164,23.556364451798835,30.013851858013663,37.25258926422735,45.27257667043844,54.07381407665005,63.63635682054105
208,2.5957918743361126,5.000349545417606,8.186157216498923,12.15321488758055,16.901522558661735,22.431080229743586,28.741887900825066,35.83394557190756,43.70725324298822,52.36181091406894,61.77796728230216
209,1.4212135994693174,3.302021893285995,5.964080187102787,9.407388480919364,13.63194677473595,18.637755068552934,24.424813362370205,30.993121656186535,38.34267995000084,46.473488243816924,55.36694273354358
210,1.0506794924750091,2.722587719163143,5.175745945851166,8.410154172539151,12.425812399227437,17.222720625915546,22.800878852603308,29.160287079291166,36.300945305976875,44.22285353266385,52.90782575539524
211,0.5545352862715397,1.8759993619442812,3.9787134376168147,6.862677513289594,10.527891588962326,14.974355664634745,20.202069740307046,26.21103381597975,33.00124789165356,40.57271196732553,48.90794092734745
212,0.9521374255963542,2.5624815438749153,4.954075662153449,8.126919780431855,12.081013898710186,16.81635801698859,22.332952135266822,28.63079625354475,35.709890371821395,43.570234490099374,52.19376573263841
213,2.1211776191447953,4.332335516379467,7.324743413614258,11.09840131084902,15.65330920808403,20.98946710531856,27.10687500255326,34.00553289978898,41.68544079702567,50.146598694261066,59.36974208819858
214,0.9028962902185066,2.4812819788534,4.840917667488272,7.981803356123018,11.903939044757884,16.607324733392456,22.091960422026794,28.357846110661303,35.404981799294966,43.23336748792908,51.825004217685844
215,1.693887666120822,3.7113806627060657,6.510123659291611,10.090116655876884,14.451359652462322,19.593852649047765,25.517595645632642,32.22258864221845,39.70883163880451,47.976324635389965,57.00619045848431
216,1.3287994292028344,3.1603439648221383,5.77313850044144,9.167183036060454,13.342477571679607,18.299022107298754,24.036816642918353,30.55586117853784,37.856155714157715,45.93770024977287,54.78198950881811
217,0.6897328578800768,2.1184848204609192,4.328486783041841,7.319738745622645,11.092240708203713,15.645992670784558,20.980994633365334,27.09724659594601,33.99474855852613,41.67350052110666,50.115802792260865
218,1.8648721063136484,3.962501109271753,6.841380112229969,10.501509115188057,14.94288811814626,20.165517121105147,26.169396124063855,32.9545251270223,40.52090412997942,48.86853313293696,57.97837469038876
219,1.7608828714797942,3.8102361453954696,6.64083941931111,10.252692693226855,14.645795967142526,19.820149241058033,25.775752514973835,32.512605788889275,40.03070906280427,48.33006233671942,57.39172471658705
220,2.171927804403606,4.404735529971476,7.418793255539472,11.214100981107176,15.790658706674591,21.14846643224216,27.2875241578098,34.207831883378276,41.90938960894417,50.39219733451104,59.63694725712884
221,0.6127160229262709,1.9817932628552293,4.132120502784259,7.063697742713295,10.776524982642439,15.270602222571188,20.545929462500133,26.602506702428425,33.44033394235668,41.05941118228557,49.44215808023484
222,0.38957097712949007,1.5603912422808208,3.5124615074320946,6.24578177258344,9.76035203773473,14.056172302886068,19.133242568037527,24.99156283318849,31.631133098338744,39.051953363488636,47.23683980061203
223,0.7263655673711454,2.182329104652847,4.419542641934265,7.438006179215676,11.237719716497082,15.81868325377865,21.180896791059578,27.3243603283406,34.249073865622044,41.955037402903834,50.424496825611314
224,0.7028194059960992,2.1413734693723954,4.36117753274867,7.362231596124896,11.144535659501335,15.708089722877746,21.052893786253335,27.178947849629797,34.08625191300461,41.77480597638049,50.22689074413335
225,0.9685998517613863,2.5894432341541207,4.991536616546875,8.174879998939835,12.1394733813321,16.88531676372448,22.412410146116947,28.720753528510052,35.810346910902524,43.68119029329503,52.31519980142099
226,2.3047704782541625,4.593079296036262,7.662638113818271,11.51344693160049,16.14550574938264,21.558814567164443,27.753373384946748,34.72918220272818,42.48624102050938,51.02454983829008,60.32468985093951
227,1.7047325910896882,3.727425198015691,6.531367804941937,10.116560411867852,14.48300301879349,19.630695625720104,25.559638232644904,32.26983083957028,39.76127344649509,48.03396605341939,57.06902108762574
228,0.6060390403376104,1.9697704068399067,4.1147517733423316,7.04098313984477,10.74846450634707,15.237195872849604,20.50717723935177,26.558408605854837,33.39088997235679,41.004621338858264,49.382033055130584
229,0.5546946156148646,1.876292406247315,3.9791401968799165,6.863237987512509,10.528585778145207,14.975183568777684,20.203031359409973,26.212129150042706,33.00247694067714,40.57407473131048,48.909437138860085
230,1.6634009139341284,3.6661871738649423,6.450223433795702,10.01550969372644,14.362045953657232,19.48983221358767,25.398868473518704,32.089154733449554,39.56069099337879,47.81347725330916,56.8286657532147
231,1.2994232507152381,3.1149513454000206,5.711729440084946,9.08975753476976,13.24903562945483,18.1895637241393,23.911341818823935,30.414369913507596,37.6986480081916,45.76417610287545,54.59248095387035
232,0.6180820008558905,1.9914343925252804,4.146036784194708,7.081889175864005,10.798991567533212,15.297343959202683,20.576946350871868,26.637798742541182,33.47990113421123,41.10325352587996,49.49026702526556
233,0.7747663157451726,2.2656514524182056,4.537786589091263,7.591171725764393,11.425806862437723,16.041691999110927,21.43882713578365,27.61721227245648,34.57684740912967,42.31773254580117,50.82204372470103
234,1.964659600401418,4.107363544292687,7.031317488184203,10.736521432075959,15.222975375967028,20.490679319858817,26.539633263750083,33.36983720764036,40.981291151529206,49.37399509542118,58.52882144391977
235,0.7794693788715404,2.2736889169544705,4.549158455037504,7.6058779931203295,11.443847531203362,16.06306706928638,21.46353660736959,27.64525614545164,34.60822568353494,42.352445221619206,50.860084133125746
236,0.44676714640961385,1.6729001752548076,3.6802832041000597,6.468916232945409,10.03879926179088,14.389932290636523,19.522315319482352,25.435948348327564,32.130831377173116,39.60696440601853,47.847052981307144
237,0.9845590044608011,2.6154958380212814,5.027682671581824,8.221119505142294,12.195806338702994,16.951743172263487,22.488930005823978,28.807366839384535,35.90705367294657,43.78799050650823,52.43207327890184
238,1.2426585365753196,3.0267159760565705,5.5920234155378274,8.938580855019127,13.066388294500065,17.975445733981378,23.6657531734627,30.13731061294358,37.39011805242503,45.42417549190831,54.22107262900924
239,1.5810102416534306,3.5433631133231107,6.28696598499286,9.811818856662423,14.11792172833217,19.205274600001847,25.07387747167103,31.723730343340275,39.15483321501025,47.36718608667982,56.3420220651068
240,1.9922279804912821,4.147181810250027,7.0833856400087765,10.800839469767391,15.29954329952633,20.579497129285315,26.64070095904433,33.48315478880251,41.10685861856154,49.51181244832132,58.678864182918225
241,0.6540971439918224,2.0556755491926477,4.238503954393505,7.20258235959432,10.947910764795436,15.474489169996293,20.782317575197133,26.871395980397335,33.7417243855977,41.39330279079686,49.80848585168676
242,1.628547485868978,3.6143544336950675,6.381411381521085,9.929718329347237,14.259275277173645,19.370082224999745,25.2621391728259,31.935446120652067,39.39000306847779,47.625810016302864,56.62405316272871
243,1.3966171620287824,3.264474139637616,5.913581117246385,9.343938094855258,13.555545072464023,18.548402050072955,24.322509027681768,30.877866005290183,38.21447298289719,46.33232996050507,55.21285903665816
244,0.9212556395713236,2.511656425637162,4.883307211703092,8.036207997769115,11.97035878383515,16.685759569900743,22.182410355966265,28.460311142032207,35.51946192809658,43.359862714161295,51.963490511152806
245,1.0328240586815305,2.6937984561661072,5.136022853650985,8.359497251135737,12.364221648620457,17.15019604610493,22.717420443589543,29.06589484107424,36.19561923855895,44.106593636044124,52.78065389723506
246,0.6293122502642012,2.0115522920205695,4.175042333776945,7.119782375533448,10.845772417290245,15.35301245904706,20.64150250080334,26.711242542559514,33.56223258431462,41.1944726260718,49.59035600024645
247,1.024952518425588,2.6810767519455485,5.118450985465569,8.337075218985689,12.336949452505332,17.11807368602448,22.68044791954431,29.02407215306523,36.14894638658497,44.05507062010815,52.724290417658445
248,2.443950140471075,4.7887174317297525,7.914734722988601,11.822002014246783,16.51051930550566,21.980286596764333,28.231303888022275,35.26357117928083,43.07708847053706,51.671855761795584,61.028341330972715
249,2.9914019265463545,5.543985647296489,8.877819368046923,12.9929030887973,17.88923680954762,23.56682053029826,30.025654251048703,37.26573797179901,45.2870716925485,54.089655413297415,63.65354177910063
250,1.1373873456737964,2.8611168905669824,5.366096435460333,8.652325980353758,12.71980552524708,17.56853507014081,23.198514615034224,29.609744159927644,36.80222370482058,44.775953249713034,53.51264314801819
251,1.9487623199986048,4.08436328688137,7.001214253763916,10.699315220646666,15.178666187529187,20.439267154412033,26.481118121294543,33.30421908817724,40.908570055058185,49.294171021939675,58.44190859938814
252,0.9517070007834441,2.561775393780515,4.953093786777723,8.125662179774498,12.079480572771335,16.81454896576849,22.330867358764827,28.628435751761774,35.707254144758544,43.56732253775445,52.190578606465365
253,0.6460269738927849,2.041349513805859,4.217922053718949,7.175744593632121,10.91481713354528,15.435139673458496,20.736712213371415,26.819534753284398,33.683607293197625,41.328929833112504,49.73786954044645
254,1.3086502570657994,3.1292284124752627,5.7310565678845125,9.114134723293803,13.278462878703126,18.224041034113124,23.950869189522685,30.458947344932177,37.74827550034159,45.81885365575029,54.65219846734944
255,0.9227452732049811,2.514115662279139,4.886736051353327,8.040606440427227,11.975726829501404,16.69209721857502,22.189717607648383,28.46858799672266,35.52870838579649,43.37007877487146,51.97467423566597
256,2.7092670599585795,5.157373476930803,8.386729893903356,12.397336310875511,17.189192727847995,22.762299144820744,29.116655561793067,36.252261978766086,44.16911839573876,52.867224812711804,62.32684282935015
257,3.0750655690854423,5.6576736784401715,9.021531787794729,13.166639897149285,18.09299800650493,23.80060611586031,30.289464225215614,37.55957233456879,45.61093044392772,54.443538553280746,64.0373892589158
258,0.9908057634120025,2.6256710960373724,5.041786428662793,8.239151761288184,12.217767093913363,16.977632426538527,22.51874775916356,28.841113091789243,35.94472842441465,43.82959375703972,52.47759717149854
259,1.3528018172172624,3.1973019285670907,5.823052039916909,9.230052151266646,13.418302262616264,18.38780237396611,24.13855248531502,30.670552596665054,37.983802708015915,46.07830281936603,54.935521742993515
260,2.681664102683409,5.119262517372177,8.338110932060799,12.33820934674985,17.11955776143871,22.6821561761283,29.02600459081821,36.1511030055076,44.057451420195136,52.74504983488349,62.19418086523842
261,1.0163775383147693,2.6671969295167144,5.09926632071867,8.312585711920722,12.307155103122858,17.082974494324734,22.640043885526143,28.978363276727627,36.097932667928326,43.9987520591306,52.66267762405005
262,1.4902518163800282,3.4068251979098685,6.10464857943962,9.583721960969473,13.84404534249895,18.885618724028756,24.708442105558863,31.31251548708773,38.697838868618014,46.86441225014746,55.7935602974106
263,0.7627198278731102,2.245017732662675,4.5085656374521434,7.553363542241726,11.379411447031188,15.986709351820751,21.375257256610073,27.54505516139937,34.49610306618766,42.228400970977745,50.72414209245766
264,1.172254024475934,2.916262530080969,5.441521035685945,8.74802954129083,12.835788046896228,17.704796552501403,23.35505505810626,29.786563563711667,36.99932206931682,44.99333057492281,53.7502588760165
265,1.6643366321815871,3.6675762754810326,6.4520659187805105,10.017805562080083,14.364795205379522,19.493034848679255,25.402524491978127,32.09326413527791,39.56525377857765,47.81849342187524,56.8341343983914
266,2.352739896490464,4.660695355296612,7.749900814102853,11.620356272908918,16.272061731715073,21.70501719052197,27.9192226493276,34.91467810814161,42.69138356694825,51.24933902575456,60.56908638614631
267,1.3674722187244326,3.2198343160701612,5.853446413415944,9.268308510761807,13.46442060810767,18.44178270545393,24.200394802799913,30.740256900146083,38.06136899749125,46.16373109483655,55.02879628048601
268,2.206747772684262,4.454263559677117,7.483029346669977,11.293045133662837,15.88431092065555,21.256826707647893,27.410592494640337,34.345608281632344,42.06187406862159,50.55938985561466,59.81881842352707
269,2.704547093711527,5.150860502474902,8.378423911238226,12.38723732000123,17.17730072876457,22.74861413752869,29.10117754629204,36.23499095505615,44.15005436381841,52.84636777258117,62.30419636702913
270,0.6704198343035919,2.0845344488570916,4.279899063410606,7.256513677964402,11.014378292518176,15.553492907071687,20.873857521625307,26.97547213617919,33.85833675073373,41.52245136528766,49.95014556311017
271,0.575040465951571,1.91355824894401,4.033326031936601,6.93434381492905,10.616611597921676,15.080129380914357,20.32489716390694,26.350914946899884,33.15818272989154,40.74670051288559,49.09894907281126
272,0.5911015029903219,1.9427655752563175,4.075679647522432,6.989843719788561,10.68525779205447,15.161921864320515,20.419835936586587,26.45900000885236,33.27941408111841,40.88107815338356,49.24644671000709
273,0.8464033035370194,2.387030547785386,4.7089077920337346,7.81203503628215,11.69641228053087,16.362039524779163,21.808916769027455,28.037044013275516,35.04642125752398,42.83704850177161,51.39100230403164
274,0.8736583521923686,2.4326545155222,4.772900678852189,7.8943968421820285,11.797143005511854,16.481139168841704,21.946385332171612,28.19288149550109,35.220627658830324,43.02962382215795,51.601909805660945
275,2.922553198187106,5.450112771862064,8.758922345537314,12.848981919212308,17.720291492887267,23.372851066561616,29.80666064023579,37.02172021391088,45.01802978758721,53.79558936126016,63.334501628283896
276,1.4569020811415325,3.3563045669835385,6.036957052825571,9.498859538667439,13.742012024509393,18.766414510351574,24.57206699619428,31.158969482037058,38.52712196787896,46.67652445372133,55.588535947089134
277,1.8230657854791374,3.901452702874774,6.761089620270416,10.401976537666224,14.8241134550617,20.02750037245747,26.012137289852337,32.77802420724907,40.32516112464645,48.65354804204123,57.744185998100264
278,1.170928660108662,2.914171873581998,5.438665087055439,8.744408300528788,12.831401514002126,17.699644727475743,23.349137940949085,29.77988115442338,36.99187436789733,44.985117581372315,53.74128212091841
279,2.845997211294552,5.345382662993071,8.626018114691693,12.687903566390423,17.5310390180896,23.155424469788088,29.56105992148711,36.747945373186276,44.71608082488642,53.465466276585104,62.976260769873235
280,0.5189465327290108,1.8100458285245948,3.8823951243201904,6.73599442011586,10.370843715911596,14.786943011707152,19.984292307502848,25.96289160329882,32.72274089909498,40.263840194890236,48.56876510459366
281,1.3137134073131822,3.1370551270197913,5.741646846726337,9.127488566432884,13.294580286139318,18.24292200584572,23.97251372555235,30.483355445258788,37.775447164964625,45.848788884671876,54.68489173343291
282,0.8790767915849973,2.44169048046012,4.785554169335366,7.910667858210521,11.81703154708593,16.504645235961146,21.973508924836505,28.223622613711925,35.25498630258735,43.06759999146253,51.64349626546019
283,1.1070611158897072,2.8128982636351516,5.2999854113808755,8.56832255912652,12.617909706871918,17.448746854617813,23.060834002363364,29.454171150108767,36.62875829785452,44.58459544560041,53.30342873154983
284,0.7595948593955189,2.2396541014707165,4.500963343545824,7.543522585621127,11.367331827696276,15.972391069771234,21.358700311845972,27.526259553920507,34.47506879599556,42.20512803807177,50.69863497416325
285,1.9171958548700467,4.038606376889634,6.941266898909516,10.62517742092971,15.090337942949917,20.336748464969784,26.364408986989684,33.1733195090095,40.763480031029225,49.13489055304827,58.26846606652147
286,1.2730413415593167,3.0740305130364924,5.656269684513768,9.01975885599126,13.16449802746865,18.090487198945755,23.79772637042308,30.286215541900702,37.55595471337786,45.60694388485541,54.420738890488465
287,0.9158099565663931,2.5026594577093846,4.8707589588523,8.020108459995255,11.950707961137887,16.662557462280542,22.155656963424956,28.43000646456947,35.485605965712885,43.32245546685583,51.92253908149293
288,2.7151323436723156,5.165464674092653,8.397047004513158,12.409879334933398,17.20396166535412,22.779293995774605,29.135876326195184,36.27370865657995,44.192790986996634,52.893123317411394,62.35496279566505
289,0.5742156553532881,1.9120533883173036,4.031141121281606,6.931478854245868,10.613066587209932,15.075904320174317,20.31999205313921,26.345329786102937,33.15191751906684,40.73975525203087,49.09132512202786
290,1.9733078621176703,4.119863821625524,7.0476697811335915,10.756725740641645,15.247031700149554,20.518587659657346,26.57139361916575,33.40544957867308,41.02075553818133,49.417311497689724,58.57598215777176
291,1.5931916077653956,3.561587784816915,6.311233961868052,9.842130138919538,14.154276315971348,19.247672493022364,25.122318670073756,31.778214847131267,39.215361024182315,47.43375720123449,56.41462439843781
292,2.0561208848349484,4.239143408419998,7.203415932005179,10.948938455590556,15.475710979175977,20.78373350276116,26.873006026346655,33.74352854993015,41.39530107351445,49.8283235970995,59.02338788813402
293,0.9638227473354264,2.5816286804954833,4.98068461365554,8.160990546815803,12.122546479976302,16.86535241313642,22.38940834629634,28.6947142794558,35.78127021261622,43.649076145776796,52.280054279569434
294,1.3502400677120554,3.1933629526674006,5.817735837622906,9.223358722578629,13.410231607534191,18.378354492490267,24.127727377445748,30.65835026240212,37.97022314736038,46.06334603231684,54.91919048400261
295,3.0966310519864377,5.6869119384213525,9.058442824856343,13.211223711291339,18.14525459772648,23.86053548416239,30.357066370597874,37.63484725703211,45.69387814346797,54.53415902990005,64.13566716705718
296,0.4971998440261121,1.7692298339658157,3.8225098239055852,6.657039813845522,10.272819803785183,14.669849793725247,19.84812978366536,25.80765977360537,32.54843976354582,40.07046975348738,48.3563634959484
297,2.1678241065120605,4.398890674838774,7.411207243165388,11.204773811492098,15.779590379818698,21.135656948145403,27.272973516472064,34.19154008479899,41.891356653124774,50.372423221450504,59.61543546914252
298,0.8214577161404959,2.3450115230252844,4.649815329910033,7.73586913679466,11.603172943679077,16.25172675056406,21.681530557448664,27.892584364333946,34.88488817121877,42.65844197810461,51.1953564898759
299,0.39883528804709795,1.5788778819562401,3.540170475865472,6.282713069774677,9.806505663684081,14.111548257593606,19.197840851502406,25.065383445411623,31.71417603932108,39.14421863322896,47.33830895445143
300,1.268530525492121,3.067018780954608,5.64675703641706,9.007745291879482,13.149983547341796,18.073471802803933,23.77821005826672,30.264198313729764,37.53143656919323,45.57992482465536,54.391223916107364
301,1.5241258872846142,3.4579445559089015,6.173013224533057,9.669331893157167,13.946900561781495,19.00571923040632,24.84578789903008,31.467106567655012,38.86967523627905,47.05349390490564,55.99985274869516
302,1.6079913984851615,3.5836989074205894,6.340656416356191,9.878863925291745,14.198321434227193,19.299028943162757,25.180986452098256,31.84419396103343,39.28865146996824,47.51435897890284,56.502522885320765
303,0.3822327809261718,1.5456699962778424,3.4903572116296675,6.216294426981313,9.723481642333219,14.011918857684966,19.08160607303704,24.932543288388874,31.56473050372717,38.97816771907588,47.15568587249595
304,1.2027729197611887,2.964285474277384,5.507048028793325,8.831060583309682,12.936323137825909,17.822835692341883,23.490598246858184,29.939610801374087,37.16987335589037,45.181385910403826,53.95578325231014
305,2.3194660813189323,4.613815260936548,7.6894144405541605,11.546263620172086,16.184362799789366,21.603711979406803,27.804311159024447,34.78616033864216,42.549259518262005,51.09360869787903,60.39977699162739
306,1.4407479104959597,3.331762396646058,6.004026882796311,9.457541368946382,13.692305855096237,18.708320341246417,24.505584827396326,31.08409931354666,38.44386379969657,46.58487828584843,55.488518555527065
307,1.0893357631556648,2.7846013764779203,5.261116989800337,8.518882603123275,12.557898216445786,17.378163829768727,22.979679443091477,29.362445056414757,36.52646066973647,44.47172628305871,53.18000917765407
308,1.5307376602965708,3.467899951865712,6.1863122434345446,9.685974535003878,13.966886826572557,19.02904911814158,24.87246140971055,31.49712370127907,38.903035992848686,47.09019828441735,56.03989406390213
309,1.6472230609324898,3.642150411708821,6.418327762485501,9.975755113261915,14.314432464038568,19.434359814815426,25.335537165591738,32.01796451636928,39.48164186714755,47.72656921792438,56.73391452649956
310,0.9472139051086834,2.5544003407673292,4.942836776426064,8.112523212084689,12.063459647743082,16.79564608340205,22.3090825190603,28.60376895471876,35.679705390378295,43.53689182603804,52.15727170132613
311,1.6012104039875261,3.5735721887372183,6.327183973486813,9.862045758236494,14.178157542985684,19.27551932773581,25.15413111248536,31.813992897235142,39.25510468198415,47.477466466736,56.46229134041554
312,1.0823522238976522,2.773429202957325,5.2457561820169785,8.499333161076683,12.53416014013645,17.350237119196155,22.94756409825543,29.326141077314954,36.485968056374325,44.427045035434844,53.131147673035755
313,1.252176984099939,3.0415609117413345,5.612194839382597,8.964078767023867,13.09721269466499,18.01159662230615,23.707230549947518,30.1841144775897,37.44224840523099,45.481632332870774,54.28384530515778
314,0.5403768724335211,1.849881006584055,3.9406351407346296,6.812639274885343,10.465893409036353,14.900397543187188,20.116151677337957,26.11315581148835,32.89140994563862,40.450914079787445,48.77420701817008
315,0.6161412468119312,1.9879495620713041,4.141007877330669,7.075316192590178,10.790874507849782,15.287682823109202,20.565741138368455,26.625049453627636,33.46560776888662,41.08741608414659,49.47288859527443
316,1.2867639236939874,3.095334137999534,5.68515435230523,9.05622456661039,13.208544780915584,18.14211499522077,23.85693520952616,30.353005423831235,37.630325638137826,45.688895852443146,54.51025673882172
317,0.8803724614889058,2.443849528493218,4.788576595497547,7.914553662501759,11.821780729506047,16.510257796510366,21.979984863514503,28.23096193051859,35.26318899752351,43.07666606452781,51.65342398989991
318,0.9334574871094675,2.5317775328923218,4.911347578675234,8.072167624458379,12.014237670241354,16.737557716024035,22.242127761806774,28.52794780758937,35.59501785337364,43.44333789915615,52.05486911734789
319,1.4376678143075745,3.327077642044868,5.997737469782187,9.44964729751955,13.682807125256735,18.69721695299411,24.492876780731237,31.069786608468796,38.42794643620692,46.56735626394308,55.46939508452493
320,0.9903885584941907,2.624991903421,5.040845248347789,8.237948593274517,12.216301938201658,16.975905283128693,22.51675862805541,28.838861972981526,35.94221531790841,43.82681866283506,52.47456061357455
321,1.3261215222062894,3.156213395200408,5.7675552681944255,9.160147141188364,13.333989014182473,18.289080887176606,24.025422760170617,30.543014633164606,37.84185650615951,45.92194837915272,54.76478788090035
322,0.8016711407780094,2.3114972654492214,4.602573390120545,7.674899514792,11.528475639463577,16.16330176413488,21.57937788880689,27.776704013477943,34.75528013815006,42.51510626282112,51.0383205477441
323,1.2297062323513097,3.006482734911182,5.564509237471082,8.903785740030871,13.02431224259086,17.926088745150686,23.609115247711003,30.073391750270922,37.31891825283064,45.34569475539108,54.13532551744771
324,1.731311854992605,3.766678407160042,6.583294959327326,10.18116151149488,14.560278063662492,19.720644615828764,25.662261167995915,32.38512772016277,39.889244272332505,48.17461082449968,57.22231445605897
325,0.4885002510560994,1.752785163307406,3.798320075558737,6.625104987810039,10.23313990006131,14.622424812312842,19.792959724563747,25.744744636815277,32.477779549069155,39.992064461318584,48.27022861624706
326,0.5573233052125366,1.8811244217063654,3.9861755382001505,6.872476654693932,10.540027771187665,14.988828887681386,20.218880004174906,26.230181120668473,33.02273223716219,40.596533353654756,48.9340946804144
327,1.9501978804730558,4.0864414494162675,7.00393501835937,10.702678587302843,15.182672156245875,20.4439157251892,26.486409294132145,33.31015286307556,40.91514643201716,49.301390000960915,58.449768895264555
328,0.7123117888936508,2.157918859900476,4.384775930907537,7.392883001914444,11.18224007292146,15.752847143928802,21.104704214936465,27.23781128594371,34.15216835695112,41.84777542795943,50.30689909732416
329,1.4944979582130233,3.413243719052234,6.1132394798915115,9.594485240732334,13.856981001572214,18.900726762411786,24.725722523251548,31.33196828409075,38.71946404493048,46.88820980577006,55.819525887589734
330,0.7791409597645539,2.2731279808764953,4.548365001988311,7.604852023100219,11.44258904421186,16.061576065323656,21.461813086435125,27.64330010754728,34.60603712865871,42.350024149771706,50.85743100934158
331,0.9820459828520988,2.6113988981774114,5.022001813502794,8.213854728828142,12.186957644153525,16.941310559478953,22.47691347480449,28.7937663901296,35.89186930545507,43.771222220778725,52.413724242773945
332,1.9414086364979029,4.073714145238747,6.987269653979682,10.682075162720189,15.158130671460894,20.415436180201553,26.45399168894266,33.2737971976835,40.87485270642396,49.257158215166,58.40160692539685
333,0.7071142160401584,2.1488652610808447,4.371866306121404,7.376117351162169,11.161618396203183,15.728369441243919,21.07637048628491,27.20562153132559,34.11612257636476,41.80787362140586,50.263148976855
334,1.9686093556023982,4.113073606539525,7.038787857476492,10.745752108413773,15.233966359350697,20.503430610288092,26.554144861225478,33.38610911216381,40.99932336310187,49.39378761403859,58.550370748974416
335,1.0361974387802004,2.699244734283545,5.143542029786889,8.369089325290089,12.375886620793231,17.163933916296553,22.733231211800422,29.083778507303943,36.21557580280741,44.12862309830986,52.804752111721925
336,0.8842850926824977,2.450365518173589,4.797695943664713,7.926276369155611,11.836106794646364,16.527187220137655,21.99951764562863,28.253098071120096,35.28792849660897,43.10400892210085,51.68336499924022
337,2.088316488456984,4.285317560379107,7.263568632301597,11.02306970422428,15.5638207761468,20.88582184807023,26.98907291999241,33.87357399191711,41.53932506383844,49.98632613576069,59.19534101804132
338,1.2287570402638046,3.004998464607752,5.562489888951757,8.901231313295598,13.021222737639691,17.922464161983385,23.604955586327584,30.068697010671976,37.31368843501554,45.33992985936131,54.12902661335786
339,1.4764515087019898,3.385943021054581,6.0766845334072475,9.548676045760079,13.801917558112727,18.83640907046496,24.652150582817026,31.249142095170843,38.62738360752563,46.78687511987877,55.7089554617036
340,2.262445837856014,4.533249452150404,7.585303066444943,11.41860668073914,16.033160295033408,21.4289639093279,27.60601752362155,34.5643211379158,42.30387475221296,50.82467836650697,60.107348186069665
341,1.3882707885093324,3.2517070822757734,5.896393376042295,9.322329669808811,13.529515963575367,18.51795225734294,24.287638551109474,30.838574844876238,38.17076113864427,46.28419743241116,55.160314666091466
342,1.5201396169534258,3.4519388937598445,6.164988170566234,9.65928744737259,13.93483672417878,18.99163600098617,24.829685277792542,31.44898455459953,38.84953383140752,47.03133310821469,55.97567659896545
343,1.1984987916541958,2.957573411464753,5.497898031275477,8.819472651086414,12.922297270897053,17.806371890707485,23.471696510517997,29.91827113032931,37.14609575014098,45.15517036995066,53.92713465302354
344,1.4811104994934319,3.3929965406886016,6.086132581883918,9.560518623079112,13.816154664274393,18.85304070546956,24.67117674666475,31.270562787860108,38.65119882905543,46.81308487025142,55.73755495187109
345,0.7752747872355681,2.2665209096275833,4.539017032019525,7.592763154411432,11.427759276803222,16.04400539919505,21.44150152158683,27.620247643979145,34.580243766371346,42.32148988876329,50.82616133141158
346,1.028393481158918,2.6866401969364344,5.126136912713835,8.346883628491382,12.348880344269002,17.132127060046663,22.696623775823983,29.04237049160156,36.169367207379544,44.077613923157394,52.74895195800443
347,1.1186760202358996,2.8313945425022196,5.325363064768502,8.600581587035164,12.657050109301865,17.494768631567176,23.11373715383339,29.513955676100014,36.6954241983666,44.65814272063153,53.383843618348635
348,0.6002369148776957,1.9592988924328827,4.09961086998806,7.02117284754337,10.723984825098592,15.208046802653822,20.47335878020879,26.519920757763707,33.347732735319866,40.95679471287461,49.329546378973184
349,1.3183877340389432,3.144276066823477,5.751414399608098,9.139802732392656,13.309441065177163,18.260329397961375,23.99246773074621,30.50585606353018,37.80049439631645,45.87638272910014,54.715027097719826
350,1.2236783664574282,2.9970533249061835,5.551678283354734,8.887553241803557,13.004678200252467,17.90305315870097,23.582678117149847,30.043553075599284,37.28567803404904,45.30905299249733,54.0952890135293
351,0.9986478570446193,2.638427481833845,5.059457106623047,8.261736731412054,12.245266356201387,17.010045980990842,22.556075605780475,28.883355230569894,35.991884855358116,43.881664480145474,52.5345723581842
352,1.750986893465194,3.795672660498421,6.621608427531617,10.228794194565038,14.617229961598307,19.786915728631836,25.7378514956651,32.47003726269802,39.983473029731584,48.27815879676501,57.33516300476246
353,1.3928035563655057,3.2586422889550777,5.905731021544736,9.334069754134465,13.54365848672437,18.534497219314442,24.306585951904783,30.859924684495788,38.19451341708404,46.31035214967335,55.18886701729441
354,1.3503293665843237,3.1935002816203295,5.817921196656325,9.22359211169229,13.410513026728163,18.378683941764073,24.128104856800213,30.658775771835717,37.97069668687255,46.06386760190983,54.91975998762285
355,2.19587544629843,4.438811269255016,7.462997092211621,11.268432915167926,15.855118738124675,21.22305456108095,27.372240384036914,34.302676206992835,42.014362029950085,50.50729785290625,59.76215561671236
356,1.8494281259055965,3.9399741378138797,6.811770149722133,10.464816161632815,14.8991121735417,20.11465818545072,26.11145419735937,32.88950020926808,40.44879622117684,48.78934223308547,57.892114965463236
357,0.9522957062813816,2.5627412017086955,4.954436697135978,8.127382192563132,12.081577687990547,16.817023183417813,22.333718678845237,28.631664174273173,35.71085966969777,43.57130516512467,52.19493758205949
358,1.928785225530086,4.055419129565611,6.963303033600997,10.65243693763672,15.122820841672505,20.374454745708345,26.407338649744013,33.22147255378038,40.816856457817686,49.193490361854494,58.33227881058266
359,1.2933256924672438,3.10550666902273,5.698937645578024,9.073618622133571,13.229549598689088,18.166730575244365,23.88516155180032,30.3848425283562,37.66577350491135,45.72795448146724,54.55291890856999
360,0.8663380369344715,2.420429058230376,4.755770079526305,7.872361100822336,11.770202122118082,16.449293143414074,21.909634164709843,28.15122518600571,35.17406620730225,42.978157228598484,51.54554788035134
361,0.7049965269027151,2.1451724181345355,4.3665983093664815,7.369274200598485,11.153200091830138,15.71837598306197,21.06480187429368,27.192477765525453,34.10140365675679,41.79157954798938,50.24528289994014
362,0.6795806373636939,2.10066414981364,4.30299766226354,7.28658117471342,11.05141468716343,15.59749819961349,20.924831712063586,27.03341522451339,33.92324873696327,41.59433224941462,50.028981407339636
363,0.9652081633197221,2.5838957656274775,4.983833367935238,8.165020970242981,12.127458572550752,16.871146174858623,22.396083777166897,28.702271379453514,35.78970898175866,43.65839658406685,52.29025462366831
364,0.9473472610381302,2.5546193320376944,4.943141403037059,8.11291347403649,12.06393554503599,16.796207616035446,22.309729687034235,28.604501758023517,35.68052382902185,43.53779590001958,52.15826123937597
365,0.8534948684061738,2.3989296933923123,4.7256145183783635,7.833549343364586,11.722734168350478,16.393168993336285,21.84485381832246,28.0777886433086,35.09197346829477,42.887408293279975,51.446160061114405
366,1.2815257713033805,3.087206960174088,5.674138149044667,9.042319337915389,13.191750526786175,18.122431715656255,23.83436290452638,30.327544093396913,37.601975282269464,45.6576564711367,54.47613411012681
367,0.7229484000921221,2.1764030549021607,4.411107709712239,7.427062364522326,11.224267019332549,15.80272167414257,21.162426328952616,27.303380983762924,34.225585638573726,41.92904029338094,50.39599585138182
368,1.2410086488840015,3.0241407454121507,5.588522841940188,8.934154938469824,13.061037034998165,17.969169131525977,23.658551228054495,30.129183324582755,37.381065421110705,45.41419751763904,54.21017116247153
369,1.9311148567418654,4.058796840165163,6.967728823588268,10.657910807011351,15.129342790434595,20.382024773857317,26.41595675728037,33.231138740703116,40.82757072412613,49.20525270754853,58.34508713950026
370,0.6299971817154648,2.012776704171663,4.176806226627892,7.122085749083998,10.848615271540105,15.35639479399602,20.645424316451976,26.715703838908286,33.567233361364536,41.20001288382136,49.59643465973242
371,1.1093138277619117,2.816488430275296,5.304913032788778,8.574587635302187,12.625512237815858,17.457686840329355,23.07111144284345,29.465786045356502,36.6417106478699,44.59888525038379,53.31905331619025
372,2.139408825157636,4.358373588251092,7.358588351344331,11.140053114437764,15.702767877531588,21.046732640625105,27.171947403719038,34.07841216681227,41.76612692990485,50.23509169299852,59.46602633906615
373,0.6519173148583379,2.0518097741900716,4.232952233521787,7.195344692853452,10.93898715218502,15.463879611516742,20.770022070848906,26.857414530180144,33.726056989511505,41.37594944884393,49.7894499357561
374,0.8087074636940135,2.32343451067277,4.619411557651566,7.696638604630601,11.555115651609446,16.19484269858811,21.615819745566487,27.81804679254502,34.80152383952443,42.5662508865037,51.09435629188952
375,0.961355081116174,2.5775890376125283,4.975072994108699,8.153806950605205,12.113790907101597,16.855024863597933,22.377508820094477,28.681242776591315,35.76622673308724,43.63246068958412,52.261869990666796
376,0.45619452048934567,1.6910966895898267,3.707248858690318,6.5046510277908025,10.083303196891304,14.443205365991558,19.584357535092177,25.50675970419274,32.21041187329332,39.69531404239456,47.944154219656845
377,0.597708671551825,1.9547289319395509,4.092999192327188,7.012519452714763,10.713289713102231,15.195309973489739,20.458580233877022,26.503100494264853,33.328870754651966,40.93589101503934,49.30660504740626
378,2.4449416048551984,4.790105235219581,7.916518865583879,11.824182495948962,16.513096126313737,21.98325975667922,28.234673387044964,35.26733701741197,43.08125064777814,51.67641427813927,61.033295393735685
379,1.7614350392995857,3.8110483602063248,6.641911681113179,10.254025002020088,14.647388322927048,19.82200164383389,25.777864964740846,32.514978285647544,40.0333416065552,48.33295492746079,57.394876834218636
380,1.1539113355105903,2.8872896493157976,5.401917963121259,8.697796276926647,12.774924590731914,17.63330290453741,23.272931218342467,29.693809532147682,36.89593784595431,44.87931615975793,53.625635529434796
381,2.7298010571622098,5.185689757471555,8.422828457781018,12.4412171580905,17.24085585839944,22.8217445587089,29.183883259017396,36.32727195932562,44.25191065963589,52.957799359941944,62.42518409535343
382,1.32663513682634,3.1570057398032567,5.768626342780131,9.161496945757074,13.335617548734215,18.290988151711446,24.027608754688387,30.545479357665283,37.844599960642036,45.924970563619276,54.768088237886886
383,1.063671913908594,2.7434778032651708,5.204533692621608,8.446839581978072,12.470395471335092,17.27520136069151,22.86125725004792,29.228563139403892,36.3771190287588,44.3069249181166,52.99977900819434
384,1.6100450710316667,3.586764464025578,6.344733857019587,9.88395325001353,14.204422643007856,19.30614203600183,25.18911142899551,31.853330821991275,39.29880021498453,47.525519607979774,56.51469337469175
385,0.48064138467135364,1.737870194695665,3.7763490047200756,6.596077814744434,10.197056624768528,14.579285434792782,19.742764244817593,25.687493054841937,32.41347186486599,39.92070067488823,48.19182283979277
386,1.5167923655703424,3.446893923106385,6.158245480642594,9.650847038178785,13.924698595714899,18.979800153250654,24.816151710786567,31.43375326832271,38.83260482586056,47.01270638339895,55.95535555032297
387,0.7837440922327014,2.280985622071984,4.559477151911234,7.61921868175042,11.460210211589457,16.082451741428574,21.485943271267914,27.67068480110701,34.636676330948625,42.3839178607902,50.89457272007092
388,2.0274784491515256,4.197972847955403,7.14971724675928,10.882711645563107,15.396956044367254,20.692450443171296,26.769194841975988,33.627189240779344,41.26643363958122,49.68692803838369,58.86948926088725
389,0.6561652876526859,2.0593406626747317,4.2437660376966395,7.209441412718768,10.956366787740698,15.484542162762796,20.793967537785022,26.884642912806655,33.75656828782813,41.40974366284933,49.82652049962148
390,1.5159255894208445,3.445587214543891,6.156498839666988,9.648660464790161,13.922072089913183,18.976733715036243,24.812645340159314,31.429806965282516,38.82821859040395,47.00788021552579,55.95009032989756
391,0.38168130600170913,1.5445608240379265,3.4886903420743014,6.214069860110611,9.720699378146856,14.00857889618289,19.077708414219966,24.928087932255618,31.559717450291465,38.97259696832698,47.14955853982709
392,1.849815240904385,3.940539153883667,6.8125130668628655,10.465736979842172,14.900210892821638,20.115934805800332,26.112908718779337,32.891132631757735,40.450606544734775,48.79133045771408,57.89428073536438
393,0.579930549087754,1.92247018966716,4.046259830246587,6.951299470825928,10.637589111405209,15.105128751984598,20.35391839256434,26.383958033143617,33.19524767372313,40.78778731430206,49.14404968809977
394,0.6788480007652176,2.099375909390785,4.301153818016461,7.284181726642314,11.048459635268246,15.593987543894087,20.920765452519355,27.02879336114539,33.91807126977176,41.58859917839932,50.02269384370819
395,0.8669398805484576,2.4214349606505765,4.757180040752686,7.8741751208549315,11.77242020095731,16.451915281059428,21.912660361162242,28.154655441264644,35.177900521367285,42.9823956014685,51.550189503910595
396,1.1927862203557191,2.948595628890383,5.4856550374250315,8.803964445959414,12.903523854493752,17.78433326302805,23.446392671562606,29.889702080086458,37.114261488620784,45.120070897154505,53.88877649936812
397,0.7293196779091569,2.1874473695838943,4.4268250612587785,7.447452752933525,11.249330444608393,15.832458136283245,21.19683582795833,27.342463519633657,34.26934121130943,41.9774689029857,50.44908815177856
398,1.6797815792456392,3.6904864283798573,6.4824412775137965,10.05564612664825,14.410100975782536,19.54580582491707,25.462760674051072,32.160965523185645,39.6404203723192,47.90112522145245,56.924216473389386
399,1.5425181043154905,3.4856200084892337,6.209971912663086,9.715573816836637,14.002425721010157,19.070527625184113,24.919879529357896,31.550481433531957,38.962333337707335,47.15543524188218,56.1110587547461
400,1.661757628335653,3.663747358703684,6.446987089071817,10.011476819440027,14.357216549808307,19.48420628017599,25.39244601054475,32.08193574091803,39.55267547128879,47.80466520165782,56.81905876506322
401,1.297528438858605,3.1120172616019137,5.707756084344999,9.08474490708846,13.242983729832043,18.182472552575486,23.90321137531872,30.405200198062346,37.688439020806705,45.75292784355031,54.58019550114535
402,0.42993971166919215,1.640187063416086,3.6316844151629324,6.404431766909601,9.95842911865616,14.293676470402932,19.410173822149833,25.30792117389662,31.986918525644622,39.44716587739234,47.67140054693599
403,0.7922592379253792,2.295496056691614,4.579982875457871,7.645719694224224,11.492706512990447,16.120943331756592,21.53043015052299,27.72116696928995,34.69315378805607,42.44639060682134,50.963028764451046
404,0.7880654774794965,2.288353628422788,4.569891779366271,7.632679930309589,11.476718081252624,16.102006232196594,21.508544383140684,27.696332534085467,34.66537068503034,42.41565883597374,50.92935422311551
405,1.1827653834769303,2.9328281024190157,5.464140821361227,8.776703540303414,12.870516259245406,17.74557897818719,23.40189169712899,29.839454416070865,37.058267135012386,45.05832985395423,53.821300259958726
406,0.8167928116274504,2.3371251932833106,4.638707574939022,7.721539956594919,11.585622338250598,16.230954719906606,21.657537101562923,27.865369483218384,34.85445186487478,42.624784246530446,51.15848377592239
407,0.6539430454971896,2.0554023586212997,4.2381116717454095,7.202070984869444,10.947280297994054,15.473739611118667,20.78144892424371,26.870408237367688,33.74061755049256,41.39207686361611,49.807141070613106
408,0.8821014103462511,2.4467295848164348,4.792607759286722,7.919735933756925,11.828114108227146,16.51774228269741,21.988620457167393,28.240748631637103,35.27412680610819,43.08875498057784,51.666661711199815
409,0.9221084086081862,2.5130643581592476,4.8852703077102415,8.038726257261358,11.973432206812792,16.68938815636354,22.186594105914796,28.465050055466293,35.5247560050168,43.3657119545695,51.969893804725196
410,1.4213226599485194,3.302188129191436,5.964303598434464,9.407669067677402,13.632284536920574,18.63815000616399,24.425265475406963,30.993630944650658,38.34324641389411,46.47411188313841,55.367623433940125
411,1.6651570054076201,3.6687940391348532,6.4536810728622225,10.019818106589371,14.367205140316724,19.495842174043894,25.4057292077713,32.09686624149894,39.569253275226224,47.822890308955216,56.83892788111464
412,0.30383539723279973,1.3834762230132354,3.2443670487937304,5.886507874574251,9.309898700354914,13.514539526135506,18.50043035191634,24.267571177697334,30.815962003477317,38.14560282925814,46.2394921858892
413,1.645902280206333,3.640186319036805,6.415720357867151,9.972504396697968,14.310538435528105,19.429822474358154,25.330356513188054,32.012140552018,39.47517459085034,47.71945862968194,56.7261619129305
414,0.34947193476142824,1.4790488263379256,3.3898757179145504,6.081952609491148,9.555279501067835,13.809856392644559,18.84568328422115,24.662760175797708,31.261087067373758,38.640663958950185,46.784389509243105
415,1.4289407082461607,3.313794558400874,5.979898408555533,9.427252258710187,13.655856108865365,18.665709959020226,24.45681380917534,31.029167659331115,38.38277150948739,46.51762535964339,55.41511731459828
416,1.6674815141914077,3.672244013267496,6.458256512343732,10.025519011420254,14.374031510496506,19.503794009572808,25.414806508649036,32.1070690077241,39.58058150679961,47.83534400587568,56.852504792455946
417,0.9220010421231427,2.512887108857026,4.885023175590874,8.038409242324738,11.973045309058593,16.688931375792293,22.18606744252692,28.464453509260952,35.524089575994985,43.36497564272977,51.9690877498316
418,1.8802537819390441,3.9849081090744654,6.870812436209702,10.537966763345148,14.986371090480358,20.21602541761557,26.22692974475105,33.019084071886276,40.59248839902025,48.947142726155924,58.06399555713564
419,0.7805037277698024,2.2754552531418395,4.551656778513824,7.609108303885812,11.447809829257656,16.067761354630058,21.468962880002362,27.651414405374588,34.61511593074779,42.360067456119154,50.86843689094067
420,2.024193823997859,4.193245895878196,7.143547967758493,10.875100039638564,15.387902111518516,20.681954183398926,26.7572562552787,33.61380832715963,41.251610399038775,49.67066247091758,58.85178425115836
421,0.6766692617694996,2.095543123434285,4.295666985098781,7.27704084676348,11.039664708428456,15.583538570093072,20.90866243175796,27.015036293423222,33.90266015508754,41.571534016752004,50.003977943193135
422,1.2907257076443306,3.101477081666565,5.693478455688594,9.066729829710832,13.22123120373282,18.1569825777548,23.873983951777568,30.372235325799906,37.651736699820695,45.712488073841484,54.53602575761399
423,1.5996571936916457,3.5712516320879217,6.324096070484555,9.858190508880618,14.173534947277075,19.270129385673375,25.147973824069823,31.807068262465243,39.247412700862874,47.4690071392588,56.45306620127702
424,0.8729650152670129,2.431497475794034,4.771279936321006,7.892312396848208,11.79459485737542,16.478127317902544,21.94290977842967,28.188942238957456,35.2162246994853,43.02475716001216,51.59658036811737
425,3.2717056784206915,5.923312793018737,9.356169907616959,13.570277022215143,18.56563413681267,24.342241251410993,30.900098366008947,38.2392054806053,46.35956259520146,55.26116970980039,64.9238814226742
426,1.5359953492528957,3.4758113423871086,6.196877335521481,9.699193328655584,13.982759321789661,19.047575314923364,24.893641308057884,31.520957301191004,38.929523294324504,47.119339287458004,56.07168346110553
427,0.9483662075283544,2.556292402493233,4.945468597458051,8.115894792423074,12.067570987388264,16.800497182353258,22.314673377318094,28.61009957228433,35.686775767250055,43.54470196221792,52.16582011729265
428,1.116718420034398,2.828279652902433,5.321090885770623,8.595152118638671,12.650463351506591,17.48702458437486,23.10483581724327,29.50389705011115,36.6842082829805,44.64576951585,53.37031543875168
429,0.15332792903219084,1.0334168083043536,2.694755687576691,5.137344566849137,8.36118344612142,12.3662723253939,17.15261120466643,22.720200083938604,29.069038963211135,36.19912784248361,44.093864356497285
430,0.7269775130874879,2.183389717082313,4.421051921077352,7.43996412507207,11.240126329066904,15.821538533061451,21.184200737055868,27.328112941050588,34.253275145045215,41.95968734903994,50.429594541127614
431,1.8205694894243318,3.8978004977222445,6.756281506019893,10.396012514317636,14.816993522615585,20.019224530913185,26.002705539210876,32.76743654750888,40.31341755580727,48.64064856410324,57.730132922888664
432,1.3427610347242804,3.1818556121599277,5.802200189595514,9.203794767031027,13.386639344467143,18.350733921902858,24.096078499338596,30.62267307677458,37.93051765420861,46.01961223164526,54.87143643242836
433,1.0593159064130848,2.7364793254936677,5.194892744574364,8.434556163655074,12.45546958273549,17.257633001816078,22.841046420896934,29.205709839977867,36.35162325905818,44.278786678138815,52.96900358287872
434,0.7976700976507851,2.3046998305227664,4.592979563395057,7.662509296267194,11.513289029139294,16.145318762011325,21.558598494883917,27.753128227756342,34.72890796062947,42.485937693501064,51.00636117940798
435,1.7333743887897048,3.7697203500962564,6.587316311402989,10.186162272709337,14.56625823401551,19.727604195322247,25.67020015662877,32.39404611793575,39.89914207924272,48.185488040549664,57.23416912243668
436,0.46277205271323424,1.7037389441687398,3.725955835624299,6.529422727080022,10.114139618535754,14.480106509991312,19.62732340144696,25.555790292902568,32.26550718435828,39.75647407581386,48.01136684598694
437,0.7850184946988378,2.2831593627418107,4.5625502307847965,7.623191098827678,11.465081966870617,16.088222834913545,21.4926137029568,27.678254571000164,34.64514543904427,42.39328630708775,50.90483870589395
438,3.140684129697155,5.746556057841313,9.133677985985608,13.302049914129642,18.25167184227439,23.982543770418417,30.494665698562407,37.78803762670583,45.86265955484997,54.71853148299143,64.33559947978688
439,0.6620805489558875,2.0698097018051325,4.258788854654525,7.229018007503804,10.98049716035301,15.5132263132024,20.827205466051776,26.922434618901228,33.79891377175075,41.45664292459881,49.87796443164197
440,1.4927825397254961,3.410651043008799,6.109769546291992,9.590138049575273,13.851756552858678,18.894625056142186,24.718743559425157,31.324112062708725,38.710730565993124,46.87859906927751,55.80903964805241
441,1.424077523217777,3.30638651456057,5.969945505903325,9.414754497245749,13.640813488588238,18.648122479931224,24.43668147127388,31.00649046261622,38.357549453958505,46.48985844530085,55.38481063115786
442,0.6511575797029048,2.0504617746334373,4.231015969563882,7.192820164494269,10.93587435942461,15.460178554355428,20.765732749285664,26.852536944224635,33.72059113915419,41.36989533408189,49.78280873312144
443,0.7621421093808414,2.244026494635912,4.50716087989112,7.551545265146227,11.377179650401583,15.984064035657088,21.372198420911715,27.541582806166435,34.49221719142254,42.22410157667817,50.719430005663824
444,0.6954931277725511,2.1285710102301474,4.342898892687996,7.338476775145763,11.115304657603408,15.673382540060972,21.012710422518637,27.13328830497591,34.03511618743402,41.71819406989095,50.1648136090835
445,1.6018932459520951,3.5745922634367053,6.328541280921414,9.86374029840624,14.180189315891313,19.277888333376175,25.156837350860027,31.817036368345804,39.258485385829985,47.48118440331561,56.466345835263056
446,0.3507581187435701,1.4816935674990415,3.393879016254596,6.087314465009998,9.561999913765588,13.817935362521114,18.855120811275942,24.673556260030523,31.273241708786323,38.65417715754163,46.79925854790155
447,1.1753134029783143,2.9210868052403502,5.448110207502421,8.756383609764397,12.845907012026455,17.71668041428898,23.368703816551815,29.801977218815093,37.01650062107744,45.01227402333893,53.77096369129567
448,0.5957376936576234,1.9511632670093053,4.087838840361047,7.005764413712883,10.70493998706458,15.185365560416573,20.447041133767986,26.48996670711905,33.31414228047242,40.91956785382558,49.28869038853226
449,1.004651815105673,2.648180826234562,5.072959837363333,8.27898884849193,12.266267859620566,17.034796870749492,22.584575881878138,28.91560489300781,36.02788390413812,43.92141291526665,52.57806268086976
450,1.0988139202436134,2.799742988153088,5.2819220560627445,8.5453511239723,12.5900301918822,17.415959259791844,23.023138327700803,29.41156739561043,36.58124646351966,44.532175531429424,53.24611055370337
451,1.0966140090747893,2.7962307543426914,5.277097499610609,8.539214244878487,12.582580990146225,17.407197735414304,23.013064480681994,29.40018122595045,36.56854797121913,44.51816471648735,53.23079004076267
452,1.7464683597801822,3.7890185433633516,6.61281872694664,10.217868910529566,14.60416909411277,19.77171927769611,25.72051946127921,32.45056964486293,39.96186982844529,48.25442001203083,57.30929290775101
453,2.0964696945461627,4.29699355849643,7.27876742244671,11.041791286397137,15.58606515034729,20.91158901429717,27.018362878247842,33.90638674219772,41.57566060614798,50.026184470099686,59.23871509882212
454,0.8347914455898197,2.367502971967775,4.681464498345812,7.776676024723767,11.653137551101924,16.31084907747991,21.749810603857807,27.970022130236433,34.97148365661521,42.75419518299272,51.30024909881845
455,1.164244082461263,2.903620867945064,5.424247653428836,8.726124438912747,12.80925122439629,17.67362800988035,23.3192547953644,29.746131580848903,36.954258366334315,44.943635151818754,53.69594099623269
456,1.140365751980247,2.865839615136394,5.372563478292687,8.660537341448896,12.72976120460512,17.580235067761073,23.2119589309169,29.624932794073068,36.81915665723007,44.79463052038617,53.533061248311654
457,0.9738416514488816,2.598009346449271,5.003427041449703,8.19009473645036,12.158012431450837,16.907180126451042,22.43759782145198,28.749265516451853,35.842183211452,43.716350906450515,52.353678078559994
458,1.5170869766709068,3.4473380355071996,6.158839094343592,9.65159015317983,13.9255912120161,18.980842270852737,24.81734332968821,31.435094388524643,38.83409544735987,47.014346506198606,55.957144875422536
459,0.9486101649920916,2.556692919002494,4.946025673012766,8.116608427023257,12.068441181033807,16.801523935043996,22.315856689055305,28.611439443066224,35.68827219707757,43.54635495108768,52.167629352088106
460,0.6705235731756907,2.084717370612751,4.28016116804987,7.256854965486986,11.014798762924132,15.553992560361095,20.87443635779832,26.976130155235555,33.85907395267343,41.52326775010979,49.95104097245401
461,1.1241675839084497,2.8401272019791013,5.337336820050065,8.615796438121102,12.675506056192152,17.516465674263735,23.138675292334444,29.542134910405167,36.7268445284761,44.69280414654733,53.421739657880195
462,0.37619616084904167,1.5335065600359585,3.4720669592228863,6.191877358409907,9.692937757597091,13.975248156784078,19.03880855597174,24.883618955159825,31.50967935434763,38.916989753535425,47.08839334442473
463,1.313989070341756,3.1374810992070628,5.742223128072315,9.128215156937491,13.295457185802897,18.243949214667467,23.973691243532432,30.48468327239749,37.77692530126269,45.85041733012673,54.68667018743495
464,0.869663386943801,2.4259851923350957,4.763556997726516,7.882378803117913,11.782450608509254,16.463772413900454,21.9263442192917,28.17016602468324,35.19523783007366,43.001559635465924,51.571176609747546
465,1.5783453083251542,3.539372977788627,6.281650647251925,9.805178316715496,14.109955986178878,19.195983655642127,25.06326132510573,31.711788994568895,39.14156666403214,47.352594333494466,56.32610776011366
466,1.8009929464255003,3.869131427381728,6.718519908337859,10.349158389293803,14.761046870250071,19.954185351205616,25.9285738321617,32.68421231311715,40.22110079407269,48.539239275029885,57.619649291525334
467,0.5878501234644555,1.9368674324449737,4.067134741425477,6.978652050406024,10.671419359386256,15.145436668366832,20.400703977347906,26.4372212863289,33.25498859530948,40.854005904290425,49.21673299115302
468,1.238161492913267,3.019695308284217,5.582479123655113,8.926512939025857,13.051796754396788,17.95833056976731,23.646114385138887,30.115148200509907,37.365432015879655,45.39696583124969,54.19134439148674
469,2.2846925002657588,4.564717413392464,7.625992326508253,11.468517239624024,16.092292152739653,21.497317065856237,27.6835919789712,34.65111689208824,42.399891805204646,50.929916718320726,60.221789394110836
470,0.8016303106347673,2.311427933766213,4.602475556897587,7.6747731800290895,11.52832080316089,16.163118426292257,21.579166049424167,27.776463672555785,34.755011295686884,42.51480891881902,51.03799475920385
471,2.459576708675688,4.810581418656789,7.9428361286378815,11.85634083861925,16.551095548599857,22.027100258580397,28.28435496856135,35.322859678543175,43.142614388524365,51.74361909850588,61.10632961156404
472,1.7314506315388327,3.7668831010559893,6.583565570573213,10.181498040090537,14.560680509608307,19.721112979124616,25.662795448642637,32.38572791815995,39.88991038767635,48.17534285719549,57.22311227427249
473,0.5217527933361884,1.8152835135459373,3.8900642337558464,6.746094953965567,10.383375674175133,14.801906394385119,20.001687114594908,25.982717834804653,32.74499855501488,40.2885292752248,48.59588074649357
474,1.0029939991182064,2.6454888500300817,5.069233700942251,8.274228551854172,12.260473402766,17.027968253677876,22.57671310458976,28.906707955501766,36.01795280641392,43.91044765732656,52.56606533103543
475,1.6761206313146055,3.6850591010817424,6.475247570848645,10.046686040615658,14.399374510382842,19.53331298015037,25.448501449917675,32.144939919685655,39.622628389453006,47.88156685921998,56.90289526455178
476,1.99901055186502,4.156965172306162,7.096169792747158,10.816624413188434,15.318329033629961,20.601283654071214,26.665488274512345,33.51094289495398,41.13764751539448,49.545602135834436,58.715648659541415
477,1.477849824228451,3.3880604092998907,6.079520994371248,9.552231579442978,13.80619216451459,18.84140274958516,24.657863334655136,31.255573919726498,38.63453450479818,46.79474508987014,55.71754306626733
478,0.9008805643103867,2.4779396677205057,4.836248771130709,7.975807874540944,11.896616977951414,16.598676081361866,22.08198518477143,28.346544288181665,35.39235339159209,43.21941249500135,51.809725292703654
479,0.9754478339254202,2.6006323669202827,5.00706689991511,8.194751432909941,12.16368596590442,16.913870498898508,22.445305031893252,28.75798956488821,35.8519240978821,43.72710863087694,52.36545060730611
480,1.2460889148513294,3.032068324832968,5.599297734814574,8.947777144796207,13.077506554777996,17.988485964759114,23.680715374740668,30.154194784722453,37.40892419470333,45.44490360468585,54.24371886834439
481,0.6808575309866486,2.1029086757814706,4.3062098205763455,7.290760965371147,11.056562110165789,15.603613254960708,20.931914399755634,27.041465544550057,33.93226668934499,41.60431783414088,50.03993268914766
482,1.82869322321862,3.909683024460886,6.771922825703354,10.415412626945685,14.840152428188295,20.046142229430608,26.03338203067321,32.801871831922064,40.351611633165454,48.68260143440764,57.77583706854755
483,1.6600263243723397,3.6611764349593767,6.443576545546417,10.007226656133403,14.352126766720502,19.478276877307607,25.3856769878949,32.07432709847994,39.54422720906713,47.795377319654996,56.80893294251523
484,0.9259860736593605,2.5194632009354017,4.894190328211512,8.05016745548771,11.987394582763871,16.7058717100401,22.20559883731638,28.486575964592785,35.5488030918685,43.39228021914448,51.99897820466682
485,1.8719916920034951,3.972876034546388,6.855010377089139,10.518394719632095,14.963029062174666,20.188913404717297,26.196047747260007,32.984432089803725,40.55406643234783,48.90495077489245,58.0180411612517
486,0.5382032726179119,1.845857505230074,3.934761737842303,6.804915970454579,10.456320203066614,14.888974435678577,20.10287866829077,26.09803290090324,32.87443713351529,40.43209136612763,48.753538102774186
487,1.2507870340022273,3.039394416090307,5.60925179817833,8.96035918026635,13.09271656235428,18.006323944442425,23.70118132653038,30.177288708617866,37.43464609070603,45.473253472793985,54.27469145261456
488,0.973061702068344,2.596735326203524,5.001658950338669,8.187832574473981,12.155256198609147,16.903929822743923,22.433853446879482,28.74502707101493,35.8374506951506,43.71112431928529,52.34795840867545
489,1.3077505232350057,3.127837027632634,5.729173532030242,9.111760036428022,13.275596540825697,18.220683045223172,23.94701954962059,30.45460605401831,37.743442558416206,45.813529062813416,54.64638320670019
490,0.6934734751777827,2.1250366601652453,4.3378498451527765,7.3319130301402895,11.107226215127945,15.663789400115679,21.001602585102923,27.12066577009092,34.0209789550786,41.70254214006617,50.14765001118311
491,1.2855593365911246,3.0934657001260573,5.682622063661008,9.053028427195835,13.204684790730555,18.137591154265248,23.85174751779981,30.34715388133571,37.62381024487055,45.68171660840614,54.50241497171087
492,0.5998326476407666,1.9585684429211538,4.098554238201485,7.019790033482245,10.722275828762626,15.206011624043485,20.470997419323314,26.51723321460427,33.34471900988713,40.953454805168604,49.32588094135689
493,2.031766748513466,4.204142445034492,7.157768141555102,10.89264383807586,15.40876953459654,20.706145231117276,26.78477092763811,33.644646624159776,41.285772320680884,49.708148017204216,58.89258677482699
494,1.0217038322036507,2.675820912835042,5.111187993466268,8.327805074097546,12.325672154728945,17.104789235359963,22.665156315991396,29.006773396625842,36.12964047725851,44.03375755788824,52.700974216857915
495,0.7817156816224773,2.277524264804462,4.554582847986594,7.612891431168547,11.452450014350639,16.07325859753246,21.47531718071347,27.658625763894058,34.623184347073504,42.368992930252624,50.878217708766826
496,0.7989671882936352,2.3069042448422135,4.596091301390788,7.66652835793935,11.518215414487615,16.15115247103562,21.565339527584584,27.760776584134153,34.73746364068158,42.49540069722902,51.016729692161604
497,1.3292150077611045,3.160984847680577,5.774004687599925,9.168274527519447,13.343794367439111,18.30056420735847,24.038584047277876,30.557853887196988,37.8583737271163,45.940143567034156,54.784657679774334
498,1.9758454684901483,4.123530098814771,7.0524647291392135,10.762649359463794,15.254083989788276,20.526768620112637,26.58070325043663,33.41588788076131,41.03232251108693,49.43000714141209,58.589804214973555
499,0.3202642690509782,1.418287968789525,3.2975616685281772,5.958085368266815,9.399859068005522,13.622882767744333,18.62715646748376,24.412680167222128,30.97945386696118,38.32747756670023,46.43971303154207
500,0.37669190567916677,1.5345073009680226,3.473572696256928,6.193888091545797,9.6954534868346,13.97826888212371,19.042334277413325,24.887649672702235,31.514215067990747,38.92203046327984,47.093938040278445
501,0.7089403654602447,2.1520478218609,4.376405278261631,7.382012734662545,11.168870191063224,15.736977647463904,21.0863351038648,27.216942560265654,34.12880001666684,41.82190747306805,50.27853652705556
502,1.2806860723425941,3.085903588947661,5.6723711055526245,9.04008862215758,13.189056138762561,18.119273655367635,23.830741171973063,30.323458688578526,37.59742620518339,45.65264372178952,54.47065861586007
503,2.729932157464379,5.185870449930952,8.423058742397103,12.441497034863563,17.24118532732972,22.822123619796237,29.184311912263162,36.32775020473036,44.25243849719627,52.958376789661294,62.42581101804524
504,0.723171010113202,2.1767892853985376,4.411657560683825,7.427775835969215,11.225144111254343,15.803762386539635,21.16363066182517,27.304748937111082,34.227117212395726,41.930735487681495,50.3978543389158
505,0.9973206565263573,2.636269943649883,5.05646923077324,8.257918517896734,12.240617805020248,17.00456709214364,22.54976637926744,28.876215666391385,35.98391495351241,43.872864240635955,52.52494344168375
506,0.5857369828821593,1.9330301781061838,4.061573373330193,6.971366568554099,10.662409763778184,15.134702959001824,20.388246154224994,26.423039349449166,33.239082544672435,40.836375739896226,49.197382161228326
507,0.4746583427733549,1.7264765037908782,3.7595446648082373,6.573862825825554,10.16943098684304,14.546249147860339,19.70431730887759,25.643635469894605,32.364203630912776,39.866021791928006,48.13174412912345
508,1.1387813259218962,2.8633275461416545,5.3691237663614455,8.656169986581238,12.72446620680101,17.57401242702086,23.204808647240664,29.616854867461374,36.8101510876826,44.78469730790248,53.52220224818211
509,0.6381477569380334,2.0273246435293912,4.197751530120869,7.149428416712572,10.882355303304355,15.396532189896142,20.691959076487535,26.7686359630797,33.62656284967141,41.26573973626381,49.66854608158114
510,0.3673828106020541,1.5156592090468832,3.445185607491782,6.155962005936742,9.64798840438141,13.921264802826165,18.97579120127087,24.81156759971576,31.428593998160306,38.82687039660249,46.98925805475169
511,0.6104412405978283,1.9777004804409377,4.1262097202841135,7.055968960127141,10.766978199970248,15.259237439813667,20.532746679657205,26.58750591950007,33.423515159343275,41.04077439918476,49.42170693304797
512,1.248269625921416,3.0354694683491172,5.603919310776866,8.953619153204787,13.08456899563269,17.996768838060134,23.690218680487593,30.16491852291399,37.420868365342116,45.45806820776885,54.25810146301046
513,1.9138049579616117,4.033684203818622,6.934813449675726,10.617192695532777,15.080821941389605,20.325701187247017,26.351830433103128,33.15920967895952,40.74783892481788,49.11771817067367,58.24976547053883
514,3.328384211813072,5.999491689482721,9.45184916715243,13.685456644822345,18.70031412249216,24.49642160016152,31.073779077831528,38.432386555500244,46.57224403317366,55.493351510837655,65.17552458606151
515,1.8751819387465674,3.977522972232191,6.8611140057178215,10.525955039203643,14.972046072689253,20.199387106175422,26.207978139660252,32.99781917314518,40.568910206630314,48.92125124011588,58.03579540403612
516,1.0269491603621055,2.6843054116802247,5.122911662998351,8.342767914316504,12.343874165634684,17.1262304169531,22.689836668271063,29.034692919589283,36.160799170907374,44.06815542222476,52.738604773539315
517,1.6346890584938023,3.623501048146929,6.393563037799895,9.94487502745276,14.277437017105765,19.391249006758464,25.286310996411707,31.962622986063657,39.42018497571496,47.65899696536817,56.66023914353892
518,1.0204272525381461,2.6737547440584217,5.1083322355784935,8.324159727098362,12.3212372186182,17.099564710137898,22.65914220165777,28.999969693177484,36.122047184697294,44.025374676215534,52.6918033252507
519,1.1864922651211518,2.938695086713122,5.472147908305233,8.786850729897212,12.88280355148924,17.760006373081758,23.41845919467378,29.85816201626589,37.07911483785851,45.081317659450505,53.84642388789797
520,0.7200135004174201,2.17130861614707,4.403853731876789,7.417648847606575,11.212693963336134,15.788989079065457,21.14653419479481,27.28532931052432,34.20537442625343,41.9066695419819,50.371469879979436
521,0.7364062946699537,2.1997077768498023,4.444259259029611,7.470060741209559,11.277112223389418,15.865413705569448,21.23496518774941,27.385766669928877,34.31781815210952,42.031119634288856,50.5079023260055
522,0.7202173392066372,2.1716625843518864,4.404357829497274,7.418303074642601,11.21349831978796,15.78994356493324,21.14763881007916,27.286584055224914,34.20677930036931,41.90822454551554,50.37317471267124
523,0.8303166824533834,2.3599631117221507,4.670859540990867,7.763005970259738,11.63640239952851,16.291048828797223,21.72694525806635,27.944091687335614,34.942488116606455,42.72213454587528,51.26512949478557
524,2.580130312050052,4.97860331739763,8.158326322745332,12.11929932809294,16.86152233344083,22.384995338788325,28.689718344136224,35.77569134949307,43.64291435483984,52.29138736018814,61.70147123202057
525,1.054460046103743,2.7286713587594082,5.184132671415014,8.420843984070686,12.43880529672606,17.238016609381933,22.818477922037655,29.180189234693128,36.323150547349584,44.24736186000822,52.9346325625381
526,0.2101667914822455,1.1738411887339004,2.91876558598576,5.44493998323756,8.752364380489482,12.841038777741455,17.71096317499367,23.362137572245324,29.79456196949696,37.00823636674764,44.98639122770383
527,0.9800012942387679,2.608063978426568,5.017376662614152,8.207939346801869,12.17975203098983,16.932814715177344,22.467127399364642,28.782690083552527,35.879502767739496,43.75756545192777,52.398779823249434
528,0.30837834920930385,1.393151150933969,3.2591739526586743,5.906446754383497,9.334969556108303,13.544742357833371,18.535765159557897,24.30803796128312,30.861560763008715,38.19633356473251,46.29534463335402
529,1.0683645041893746,2.751010996965643,5.214907489741962,8.460053982518287,12.486450475294525,17.294096968070996,22.882993460847786,29.2531399536237,36.40453644640017,44.337182939175705,53.03287195146767
530,1.126464251015146,2.8437770033557346,5.342339755696533,8.622152508037336,12.683215260378162,17.525528012718784,23.14909076505933,29.55390351739992,36.73996626973903,44.70727902207897,53.43756496141114
531,0.8999306502703318,2.4763640838072005,4.834047517344195,7.972980950881177,11.893164384417963,16.59459781795454,22.077281251491403,28.34121468502922,35.38639811856563,43.212831552101456,51.80251993127125
532,1.0360393566817148,2.69898958822248,5.143189819763248,8.368640051304101,12.37534028284491,17.163290514385896,22.73249074592658,29.08294097746749,36.21464120900778,44.12759144054845,52.803623584128076
533,1.272563938975346,3.0732886356808002,5.6552633323863795,9.018488029092007,13.16296272579763,18.0886874225028,23.79566211920871,30.283886815889684,37.55336151259134,45.60408620929635,54.41761726910717
534,0.515499116134759,1.8036024551268033,3.8729557941191493,6.723559133111398,10.3554124721033,14.768515811095535,19.96286915008779,25.938472489080063,32.695325828073074,40.23342916706594,48.53536411188059
535,0.6604254440968134,2.0668824953735263,4.2545895466502195,7.223546597927122,10.973753649203974,15.505210700480765,20.817917751757864,26.911874803035523,33.78708185431274,41.44353890558934,49.86359085526302
536,0.5671851178765308,1.8992062867031896,4.0124774555300124,6.906998624356769,10.582769793183338,15.03979096201034,20.27806213083748,26.2975832996644,33.098354468491316,40.68037563731899,49.02614057630889
537,3.0720630277345395,5.653600732712613,9.016388437690834,13.16042614266909,18.085713847647753,23.7922515526262,30.280039257603818,37.549076962581914,45.59936466756027,54.430902372534256,64.02368481458977
538,2.1602229606161334,4.38806008118446,7.397147201752912,11.187484322321382,15.75907144288939,21.111908563457757,27.245995684026315,34.161332804594615,41.85791992516308,50.33575704572896,59.575546304558465
539,1.0991035184898659,2.800205243823249,5.282556969156573,8.546158694490073,12.591010419823297,17.41711214515681,23.024463870489807,29.41306559582354,36.58291732115582,44.53401904649034,53.24812638087157
540,1.2701655750323195,3.069560858289299,5.650206141546229,9.012101424802953,13.155246708059963,18.079641991317278,23.785287274574443,30.272182557831716,37.540327841086906,45.58972312434377,54.40192742952986
541,0.5878409117954397,1.9368507116957785,4.067110511596153,6.978620311496686,10.671380111397479,15.145389911297958,20.4006497111983,26.437159511098717,33.25491931099911,40.85392911089877,49.21664870370199
542,1.3415709926350052,3.180023563857557,5.799726135080033,9.200678706302543,13.382881277524676,18.34633384874718,24.09103641996926,30.616988991191864,37.924191562415736,46.01264413363987,54.86382761221847
543,0.5925097541266512,1.9453179439729278,4.079376133819277,6.994684323665751,10.691242513512254,15.169050703358382,20.428108893205447,26.468417083049882,33.2899752728956,40.892783462743374,49.25929384871048
544,1.8703068688856714,3.9704214075006057,6.851785946115239,10.514400484730045,14.958265023345099,20.183379561960127,26.189744100575002,32.97735863918904,40.54622317780441,48.896337716416234,58.00865983845414
545,2.0592448946487143,4.243628559544311,7.209262224439897,10.956145889335247,15.484279554231085,20.79366321912683,26.884296884022543,33.75618054891624,41.409314213810525,49.84369787870693,59.04012058877788
546,1.2516758264255297,3.04077981403662,5.611133801647458,8.962737789258648,13.095591776869597,18.009695764480817,23.705049752091952,30.18165373970379,37.43950772731559,45.478611714927446,54.280545307061985
547,0.5028329639749943,1.7798419136326324,3.8381008632902285,6.677609812947821,10.298368762605142,14.7003777122628,19.883636661920097,25.84814561157757,32.59390456123599,40.120913510895456,48.411776255152475
548,1.6061304968092514,3.580920545427782,6.336960594046439,9.874250642664935,14.192790691284026,19.29258073990239,25.173620788520598,31.83591083714101,39.27945088575902,47.50424093437774,56.491489215400954
549,1.2188157866506186,2.989440665868752,5.541315545086742,8.874440424304687,12.988815303522552,17.884440182740622,23.561315061958815,30.019439941177456,37.258814820396125,45.27943969961535,54.06293114157428
550,1.136580768913485,2.8598375452970184,5.3643443216806235,8.65010109806446,12.717107874448013,17.56536465083179,23.194871427215947,29.605628203599384,36.79763497998403,44.77089175636685,53.50710983169733
551,1.8300295337358718,3.911636835967952,6.77449413820006,10.418601440432237,14.843958742664352,20.050566044896307,26.038423347127747,32.80753064935755,40.357887951588495,48.68949525381832,57.78334715394796
552,0.8359732057192204,2.3694928351300244,4.684262464540914,7.780282093951693,11.657551723362625,16.31607135277337,21.755840982184417,27.97686061159683,34.97913024100926,42.762649870420404,51.30951027307709
553,0.9894636570830021,2.623486004752706,5.0387583524223425,8.235280700092156,12.213053047762058,16.972075395431307,22.512347743101042,28.83387009077152,35.9366424384417,43.82066478611113,52.4678269015874
554,0.7825745697372278,2.2789901309260903,4.556655692114953,7.615571253303693,11.455736814492882,16.07715237568161,21.479817936869534,27.66373349805811,34.62889905924744,42.37531462043916,50.88514516300254
555,1.0283234693564085,2.686527035311716,5.125980601267029,8.346684167222165,12.348637733177952,17.131841299132788,22.69629486508789,29.041998431043297,36.16895199699793,44.07715556295277,52.74845053427382
556,0.9657228765712988,2.5847378776058854,4.985002878640618,8.166517879675476,12.129282880710388,16.873297881745554,22.39856288278019,28.705077883815402,35.79284288484992,43.661857885884615,52.2940426694189
557,1.1295861679546946,2.848736059489988,5.349135951025505,8.630785842560899,12.693685734096329,17.53783562563205,23.163235517168456,29.56988540870388,36.75778530023944,44.72693519177624,53.45905459603145
558,1.5587731724959712,3.5100336462774235,6.242544120058791,9.75630459384036,14.051315067621992,19.127575541403285,24.985086015184272,31.62384648896542,39.04385696274702,47.245117436528446,56.20888320186309
559,0.7885552535363608,2.289188174071373,4.571071094606418,7.634204015142442,11.47858693567774,16.104219856212943,21.51110277674834,27.69923569728228,34.66861861781646,42.41925153835156,50.93329100554647
560,1.2453654184903642,3.0309396886758444,5.597763958861364,8.945838229047123,13.07516249923272,17.985736769418146,23.677561039603546,30.150635309787784,37.404959579972854,45.440533850156385,54.23894478430295
561,1.86879652602163,3.9682206868093264,6.848894847597012,10.510819008384784,14.953993169172286,20.178417329960276,26.184091490748564,32.97101565153741,40.53918981232444,48.88861397311332,58.000247098073224
562,1.3916309339402397,3.2568485333658606,5.903316132791579,9.331033732217273,13.54000133164292,18.530218931068895,24.301686530494894,30.854404129920535,38.18837172934684,46.30358932877328,55.181484305500774
563,2.151395374932358,4.37547483941522,7.380804303898194,11.167383768381075,15.735213232863682,21.084292697346285,27.21462216182913,34.126201626311854,41.81903109079463,50.29311055527873,59.52914967333076
564,1.2538445986325986,3.0441596305196135,5.615724662406539,8.968539694293446,13.10260472618029,18.017919758066824,23.714484789953644,30.192299821839963,37.45136485372793,45.49167988561503,54.294822099934414
565,0.638460040514577,2.027881222577726,4.19855240464073,7.150473586703846,10.883644768766976,15.39806595083033,20.693737132893403,26.770658314957473,33.62882949702024,41.26825067908242,49.67130083128149
566,1.133482345937478,2.854921444723347,5.357610543509444,8.641549642295217,12.706738741081217,17.55317783986749,23.18086693865302,29.589806037439534,36.779995136226034,44.751434235012674,53.48583826809973
567,1.0987892636827479,2.799703630389527,5.281867997096084,8.545282363802912,12.58994673050974,17.415861097216382,23.023025463922668,29.411439830630005,36.58110419733598,44.53201856404418,53.245938914517865
568,1.009074158044536,2.655357699187187,5.082891240329746,8.29167478147215,12.281708322614767,17.052991863757406,22.605525404900213,28.93930894604294,36.054342487185274,43.950626028328784,52.61002481488864
569,0.5801966480729304,1.9229546548601946,4.04696266164747,6.952220668434676,10.638728675221968,15.106486682009292,20.355494688796643,26.385752695583502,33.197260702370606,40.79001870915577,49.14649901242881
570,1.0531224154627792,2.7265193258819185,5.181166236301171,8.417063146720364,12.434210057139351,17.23260696755847,22.81225387797793,29.173150788397447,36.315297698816266,44.238694609234685,52.92515253833095
571,0.6225699327799594,1.9994836937261544,4.15764745467226,7.0970612156182336,10.817724976564527,15.319638737510742,20.602802498456327,26.66721625940221,33.512880020348796,41.13979378129674,49.53036152722108
572,2.1138001878776156,4.321789431379323,7.311028674881198,11.081517918382932,15.63325716188468,20.96624640538732,27.080485648889088,33.97597489239901,41.65271413590177,50.1107033794039,59.33068445692087
573,1.9706209441605058,4.115981031075577,7.042591117990749,10.750451204905788,15.239561291820676,20.509921378735715,26.561531465650837,33.39439155256558,41.00850163948024,49.40386172639642,58.56133890563853
574,1.6167655359385018,3.5967917281816084,6.358067920424833,9.90059411266817,14.224370304911083,19.329396497154267,25.21567268939723,31.88319888164138,39.33197507388423,47.56200126612955,56.55447521848765
575,0.6402582201620792,2.0310849343192574,4.203161648476638,7.156488362633943,10.891065076791223,15.40689179094847,20.703968505106033,26.782295219263503,33.64187193342033,41.282698647579245,49.68715152080742
576,1.1198492754909743,2.8332609147319996,5.3279225539732025,8.603834193214286,12.660995832455038,17.4994074716961,23.119069110937247,29.519980750178654,36.702142389419976,44.66555402866231,53.3919466571241
577,1.0833507168458327,2.775027404931994,5.24795409301824,8.502130781104409,12.53755746919038,17.354234157277507,22.95216084536337,29.33133753344916,36.49176422153433,44.433440909622085,53.13814205683222
578,1.1753515285856424,2.9211469102774275,5.448192291969205,8.756487673661065,12.846033055352768,17.71682843704428,23.36887381873614,29.802169200427244,37.016714582119576,45.01250996381092,53.771221567237916
579,0.5882650415670159,1.9376205185249455,4.06822599548289,6.980081472440642,10.673186949398515,15.147542426356814,20.403147903315265,26.440003380273474,33.258108857232045,40.85746433419067,49.220528912693695
580,0.8201669380890515,2.3428302946671664,4.646743651245093,7.731907007823115,11.598320364401095,16.24598372097926,21.67489707755786,27.885060434135806,34.87647379071441,42.64913714729207,51.18516298965791
581,2.3786329809041318,4.697110162131424,7.796837343358703,11.677814524586257,16.340041705813636,21.78351888704094,28.008246068268992,35.01422324949619,42.80145043072237,51.36992761195211,60.700175651316776
582,2.5480081497259386,4.933943334620882,8.101128519515985,12.04956370441106,16.779248889306437,22.29018407420217,28.582369259096286,35.65580444399164,43.51048962888564,52.14642481378049,61.54399594079997
583,0.6881652496513908,2.115736826182832,4.324558402714598,7.314629979246218,11.085951555777639,15.638523132309373,20.97234470884113,27.087416285378126,33.98373786191051,41.661309438441506,50.10243368432165
584,1.928427356684357,4.054900202786979,6.962623048889552,10.651595894992015,15.121818741094428,20.373291587196437,26.406014433298708,33.21998727940139,40.815210125503704,49.19168297160637,58.33031068451481
585,0.7222053010833914,2.1751135886023327,4.409271876121297,7.424680163640281,11.22133845115934,15.799246738678418,21.158405026197347,27.298813313716206,34.22047160123531,41.92337988875562,50.38979017220185
586,1.0894312486027697,2.7847540396416925,5.261326830680571,8.519149621719556,12.558222412758587,17.378545203797326,22.980117994835524,29.36294078587496,36.52701357691568,44.4723363679557,53.18067632591146
587,0.8067891751781295,2.3201822216666717,4.614825268155328,7.690718314643842,11.5478613611327,16.186254407621018,21.605897454110494,27.8067905005994,34.78893354708639,42.55232659357187,51.079100666467376
588,1.2612122593615411,3.0556335961755,5.6313049329895355,8.988226269803262,13.126397606617266,18.045818943430923,23.746490280244632,30.228411617058747,37.49158295387172,45.53600429068524,54.34324459732566
589,0.785830828736157,2.2845445751369686,4.56450832153776,7.625722067938567,11.46818581433965,16.091899560740327,21.49686330714122,27.683077053542007,34.650540799942526,42.399254546344515,50.91137867775071
590,2.019430222614712,4.1863884466566,7.13459667069872,10.86405489474087,15.374763118782989,20.666721342824637,26.739929566867286,33.59438779090863,41.23009601495127,49.6470542389944,58.82608635908801
591,2.33041152951128,4.629247213597689,7.709332897683842,11.570668581770313,16.213254265856538,21.637089949941906,27.84217563402837,34.828511318115034,42.596097002200175,51.14493268628701,60.45557851151024
592,2.202374180573254,4.448048952721137,7.474973724869068,11.283148497016775,15.87257326916497,21.24324804131214,27.395172813459535,34.32834758560765,42.04277235775523,50.538447129902664,59.796038365006865
593,2.695190710722852,5.137945210901833,8.361949711080495,12.367204211259574,17.153708711438355,22.72146321161731,29.0704677117963,36.20072221197338,44.11222671215033,52.80498121232868,62.25925801600844
594,0.5844174429883339,1.9306324464255262,4.058097449862819,6.966812453300183,10.656777456737334,15.127992460174294,20.38045746361141,26.41417246704862,33.22913747048709,40.82535247392516,49.185282859855874
595,0.8962643552620437,2.4702798466455334,4.825545338029045,7.962060829412488,11.879826320796104,16.578841812179085,22.059107303562715,28.32062279494656,35.363388286329624,43.18740377771352,51.77467905061489
596,0.9756103243652056,2.600897679756498,5.007435035147903,8.195222390539374,12.16425974593085,16.914547101322036,22.446084456713784,28.758871812094462,35.85290916748497,43.728196522874995,52.366641116055455
597,3.3502361507648653,6.028817440900164,9.488648731035585,13.729730021170944,18.75206131130607,24.55564260144167,31.1404738915776,38.50655518171262,46.653886471848296,55.582467761984,65.27209970202756
598,0.5621625067069693,1.8900062200974732,3.9990999334879884,6.889443646878668,10.561037360269541,15.013881073660402,20.24797478705146,26.26331850044233,33.059912213832014,40.63775592722451,48.979351765689074
599,0.7939967030415147,2.2984528610282187,4.58415901901499,7.651115177001803,11.499321334988478,16.128777492975043,21.539483650961266,27.73143980894784,34.7046459669351,42.45910212492271,50.976957183094406
600,1.3502115115922504,3.1933190370854305,5.817676562578524,9.223284088071521,13.410141613564354,18.3782491390575,24.127606664551124,30.658214190044784,37.97007171553642,46.06317924102728,54.91900836397051
601,0.7106060372099946,2.1549491841261426,4.380542331042398,7.387385477958435,11.175478624874849,15.744821771790889,21.09541491870709,27.22725806562282,34.140351212538626,41.834694359453344,50.29255663257461
602,0.9378093894642994,2.538941378720327,4.921323367976336,8.08495535723232,12.029837346488407,16.75596933574432,22.263351325000617,28.551983314256454,35.621865303511555,43.47299729276562,52.0873348305421
603,1.3435441363779599,3.183061027821304,5.803827919264742,9.205844810708129,13.389111702151574,18.35362859359491,24.099395485037544,30.626412376480918,37.93467926792453,46.02419615936769,54.876441829531196
604,1.350991231502957,3.1945180861454734,5.819294940787682,9.225321795430075,13.412598650072367,18.381125504714984,24.13090235935736,30.66192921400014,37.97420606864231,46.06773292328486,54.92398053672089
605,0.7026230449753856,2.1410307074459096,4.360688369916494,7.3615960323870855,11.1437536948578,15.70716135732762,21.051819019798074,27.177726682268503,34.08488434473895,41.77329200720709,50.225230666851985
606,1.259424307525604,3.0528502486816977,5.627526189837827,8.983452130994058,13.1206280721505,18.039054013306778,23.7387299544638,30.219655895620594,37.48183183677742,45.525257777933625,54.331504679709084
607,0.7084476493369043,2.1511893026073743,4.375180955877682,7.380422609148072,11.166914262418057,15.734655915688407,21.083647568959115,27.213889222229497,34.12538087549991,41.818122528770445,50.27438651123464
608,1.970266589056008,4.115468901516164,7.041921213976409,10.749623526436789,15.238575838897376,20.508778151358683,26.560230463818865,33.39293277627815,41.006885088736055,49.40208740119689,58.559407121529695
609,1.9378810338449182,4.068603478065285,6.980575922285585,10.67379836650619,15.148270810726714,20.403993254947014,26.44096569916728,33.25918814338727,40.858660587609826,49.23938303183032,58.382251843657095
610,3.030844664253511,5.597634820646015,8.945674977038372,13.074965133430618,17.985505289823042,23.677295446215318,30.1503356026081,37.404625759000545,45.44016591539346,54.25695607178807,63.83502046036482
611,0.9740623627706065,2.59836983481473,5.003927306858932,8.190734778903092,12.158792250947434,16.90809972299176,22.438657195036996,28.750464667081353,35.84352213912828,43.717829611171915,52.35529628077432
612,1.6836168161463314,3.696170074494858,6.48997333284331,10.065026591191431,14.421329849539404,19.558883107887908,25.47768636623634,32.177739624583445,39.659042882929654,47.921596141276865,56.94653210560987
613,1.247460941990815,3.0342083298423828,5.60220571769404,8.95145310554566,13.081950493397397,17.993697881249112,23.686695269100298,30.160942656952148,37.416440044802066,45.453187432652975,54.25276913822564
614,0.9834451208171873,2.6136801406528423,5.025165160488627,8.21790018032429,12.19188520015964,16.947120219994996,22.483605239830705,28.801340259665956,35.9003252795022,43.78056029933798,52.42394266163323
615,1.2582043136409236,3.05095064935464,5.624946985068449,8.980193320782158,13.116689656495874,18.034435992209342,23.733432327923094,30.213678663639058,37.47517499935412,45.51792133506822,54.32348999061134
616,1.2065084121489633,2.9701481221877084,5.515037832226359,8.841177542264743,12.948567252302889,17.837206962341867,23.50709667238069,29.958236382419877,37.190626092458494,45.204265802498554,53.98078604561553
617,1.2439968093404838,3.028804370770101,5.594861932199775,8.94216949362951,13.070727055058853,17.98053461648838,23.67159217791813,30.14389973934917,37.39745730077741,45.432264862207596,54.22991062100957
618,0.9332248129444553,2.5313943339564706,4.910813854968477,8.07148337598037,12.013402896992151,16.736572418003956,22.240991939015682,28.526661460028397,35.593580981039466,43.44175050205377,52.05313149652438
619,2.55953437269662,4.949977478760031,8.121670584823312,12.074613690887093,16.808806796950353,22.324249903013342,28.620943009075866,35.69888611513794,43.55807922120164,52.19852232726275,61.6005923596113
620,2.3396064531362764,4.642202970451773,7.72604948776719,11.591146005082567,16.237492522397826,21.665089039713607,27.873935557028986,34.864032074344195,42.63537859166104,51.18797510897355,60.50237424575174
621,0.9558752350902213,2.568611136288873,4.962597037487472,8.137832938686229,12.09431883988505,16.832054741084274,22.351040642283174,28.651276543481448,35.73276244468169,43.595498345879975,52.221416587776865
622,0.6419957294015594,2.0341786793924017,4.207611629383211,7.162294579373907,10.898227529365045,15.415410479356206,20.713843429346696,26.793526379337504,33.65445932932838,41.29664227931967,49.70244867591149
623,1.2826892695073044,3.0890126779280904,5.676586086348828,9.045409494769638,13.195482903190486,18.126806311611432,23.839379720031886,30.33320312845202,37.60827653687285,45.66459994529191,54.483718519395346
624,1.44695907739871,3.3412042283794947,6.0166993793599515,9.473444530340473,13.711439681320991,18.73068483230167,24.53117998328254,31.11292513426319,38.47592028524419,46.62016543622624,55.52702990940344
625,0.41926240171378953,1.619268339639623,3.6005242775654853,6.363030215491247,9.9067861534171,14.231792091342799,19.338048029268553,25.225553967194163,31.89430990512048,39.34431584304658,47.558329581598215
626,1.1329671754387347,2.85410381072159,5.3564904460045195,8.640127081287133,12.705013716569932,17.55115035185317,23.178536987135516,29.587173622418813,36.77706025770101,44.748196892984126,53.48229906749645
627,1.814448804299521,3.8888422731568815,6.744485742014336,10.38137921087168,14.7995226797288,19.998916148585952,25.979559617442803,32.74145308630072,40.284596555156554,48.60899002401418,57.69564251843366
628,1.4938013213928065,3.412190885936729,6.111830450480797,9.592720015024772,13.854859579568739,18.898249144112814,24.722888708656747,31.328778273201493,38.71591783774461,46.88430740229144,55.81526800021469
629,1.0934418200326501,2.791163925760029,5.270136031487425,8.530358137214753,12.571830242942209,17.39455234866953,22.998524454397163,29.38374656012421,36.5502186658523,44.49794077158172,53.20867524559765
630,0.9770154375440073,2.603191578194403,5.010617718844681,8.199293859495064,12.169220000145721,16.920396140796143,22.452822281447034,28.766498422087555,35.86142456273849,43.73760070338827,52.376932304256826
631,1.328737654208051,3.160248695746127,5.773009737284277,9.167020778822668,13.342281820360906,18.29879286189917,24.036553903437827,30.555564944975757,37.855825986513636,45.9373370280515,54.781592860005524
632,0.7527839937596096,2.22794806186611,4.484362129972497,7.522026198079073,11.34094026618582,15.941104334292243,21.322518402398142,27.48518247050443,34.42909653861109,42.15426060671754,50.642882159188396
633,2.007294341783145,4.168907034861756,7.11176972794055,10.83588242102193,15.341245114101252,20.627857807180558,26.69572050025951,33.544833193338036,41.175195886417264,49.58680857949597,58.7605058596921
634,2.728411656842731,5.183774706527632,8.420387756212607,12.438250805897587,17.23736385558218,22.817726905267108,29.179339954952017,36.322203004635575,44.246316054321106,52.951679104005166,62.41853924009546
635,0.579660847663294,1.92197911467406,4.045547381684857,6.950365648695912,10.636433915706766,15.10375218271724,20.352320449728097,26.382138716738684,33.19320698374852,40.78552525076123,49.14156669373716
636,2.557122433976157,4.946623068698837,8.117373703421643,12.06937433814444,16.802624972867278,22.317125607590462,28.612876242313657,35.68987687703364,43.54812751175646,52.187628146479014,61.588757592436686
637,1.8050945806754386,3.8751421845202585,6.726439788364853,10.358987392209663,14.772784996054742,19.9678325998987,25.944130203744265,32.70167780758984,40.24047541143368,48.560523015277354,57.642838336411764
638,0.8531795240517225,2.398400993096358,4.724872462141237,7.832593931186053,11.721565400230682,16.391786869275315,21.8432583383198,28.075979807365016,35.089951276409806,42.88517274545278,51.44371158405821
639,1.2484844824339625,3.035804511351601,5.604374540269137,8.954194569186955,13.085264598104654,17.99758462702211,23.69115465593946,30.16597468485789,37.422044713774945,45.45936474269204,54.259517944052796
640,0.9200101350791045,2.5095996199831334,4.8804391048871745,8.032528589791465,11.965868074695523,16.68045755959937,22.17629704450321,28.453386529407087,35.51172601431163,43.35131549921541,51.95413361764952
641,2.0605362310179736,4.245482233783464,7.211678236548966,10.959124239314574,15.487820242080254,20.79776624484605,26.888962247611776,33.76140825037712,41.415104253142474,49.85005025590798,59.047034179164235
642,0.5032077113031304,1.780546898012066,3.8391360847210594,6.678975271429957,10.300064458138458,14.702403644847427,19.885992831557036,25.850832018266203,32.59692120497617,40.12426039168706,48.41545271252045
643,1.502030706754219,3.4246227361983905,6.128464765642385,9.61355679508657,13.879898824530724,18.927490853975083,24.75633288341959,31.366424912864122,38.75776694230805,46.93035897175347,55.86551362964171
644,1.6288205753114176,3.614761264735963,6.381951954160545,9.930392643585101,14.260083333009847,19.371024022434536,25.263214711859373,31.93665540128312,39.391346090708716,47.62728678013545,56.62566340067881
645,1.4867711108446315,3.4015614105068996,6.097601710169134,9.574892009831236,13.833432309493297,18.87322260915528,24.694262908817144,31.29655320847914,38.6800935081412,46.84488380780545,55.77225233936573
646,0.8518109319443192,2.396105980598922,4.721651029253561,7.828446077908264,11.71649112656309,16.38578617521789,21.83633122387279,28.06812627252741,35.08117132118212,42.875466369837476,51.433080640894914
647,0.6258138359501917,2.0052937892533094,4.166023742556383,7.108003695859389,10.831233649162776,15.335713602465951,20.621443555769506,26.6884235090732,33.53665346238373,41.16613341568787,49.559262221585065
648,1.1050469599727846,2.8096871330044366,5.295577306036028,8.562717479068043,12.611107652099264,17.44074782513131,23.05163799816296,29.44377817119427,36.617168344224964,44.57180851725503,53.28944722244192
649,0.5198554339146783,1.811742945889681,3.8848804578647185,6.739267969839922,10.374905481815064,14.791792993790358,19.98993050576569,25.969318017740854,32.72995552971579,40.271843041691916,48.577554591143205
650,0.885631061870646,2.4526057267971146,4.800830391723657,7.9303050566501625,11.841029721576694,16.533004386503382,22.006229051429585,28.260703716356414,35.29642838128186,43.11340304620787,51.69365157430332
651,1.1933974044472866,2.9495565286817405,5.486965652916142,8.805624777150644,12.905533901385185,17.786693025619364,23.449102149853907,29.89276127408847,37.11767039832458,45.123829522559696,53.89288414104411
652,0.45471720981099767,1.6882512442443234,3.703035278677785,6.4990693131113275,10.076353347545025,14.434887381978667,19.574671416412002,25.495705450845442,32.19798948527739,39.68152351970945,47.92899829857334
653,0.8516321307868387,2.3958060913230685,4.721230051859331,7.827904012395648,11.71582797293193,16.385001933468672,21.83542589400564,28.067099854541617,35.08002381507799,42.8741977756145,51.43169120072911
654,0.4160610536921027,1.6129709886832766,3.5911309236744593,6.350540858665743,9.891200793656921,14.21311072864812,19.316270663638935,25.20068059863009,31.866340533621315,39.31325046861278,47.524174396233164
655,1.290638930601535,3.101342565418863,5.693296200236207,9.066499835053799,13.220953469871397,18.156657104688843,23.87361073950617,30.37181437432395,37.65126800914347,45.71197164396066,54.53546168400882
656,1.5702809195127585,3.5272915478745643,6.265552176236171,9.785062804597993,14.085823432959932,19.16783406132147,25.031094689683137,31.675605318044493,39.10136594640631,47.30837657476872,56.27788099437071
657,1.204014373872847,2.966234233580816,5.50970409328855,8.834423952996424,12.940393812704624,17.827613672412657,23.49608353212002,29.945803391827923,37.17677325153562,45.18899311124338,53.96409634373169
658,1.8189164536189235,3.8953815880266514,6.753096722434324,10.392061856842428,14.812276991249922,20.013742125657302,25.996457260064446,32.76042239447271,40.30563752888055,48.63210266328724,57.72082267992385
659,0.7652793042388112,2.2494073508157886,4.514785397392647,7.561413443969489,11.389291490546091,15.998419537122984,21.388797583699972,27.56042563027645,34.513303676853006,42.24743172342982,50.74499932641475
660,0.9025376000923312,2.480687336737485,4.840087073382667,7.980736810027708,11.90263654667305,16.605786283318157,22.090186019963916,28.355835756609427,35.40273549325503,43.23088522990062,51.82228647957125
661,0.40059206155674815,1.5823713424540553,3.545400623351454,6.289679904248829,9.815209185146436,14.121988466043812,19.21001774694165,25.07929702783901,31.729826308735507,39.161605589631044,47.35742912446528
662,1.1255203959370825,2.84227722145504,5.340284046973004,8.619540872490955,12.6800476980087,17.52180452352664,23.144811349044335,29.549068174562507,36.73457500008107,44.701331825599446,53.43106294996424
663,0.8581037898291975,2.406652436538233,4.736451083247287,7.8474997299564215,11.739798376665286,16.41334702337442,21.868145670083162,28.104194316792473,35.12149296350218,42.92004161021335,51.4819009721272
664,1.8873499178847368,3.9952355989388977,6.884371279993315,10.554756961047659,15.006392642101721,20.239278323155737,26.253414004210413,33.0487996852645,40.625435366316914,48.98332104737288,58.10339876957162
665,0.6215583256357899,1.9976704558437577,4.15503258605189,7.093644716259996,10.813506846467964,15.314618976675801,20.596981106883888,26.660593237092307,33.50545536728483,41.13156749749234,49.521335215939374
666,0.722293001604613,2.175265785998674,4.409488570392675,7.424961354786797,11.22168413918094,15.799656923575135,21.158879707969124,27.299352492364473,34.22107527675836,41.92404806115317,50.390522712478514
667,0.7918115670341004,2.2947339973513916,4.578906427668825,7.644328857986188,11.491001288303556,16.11892371862077,21.52809614893814,27.718518579255733,34.6901910095729,42.44311343988958,50.959437837848114
668,1.4673072230851798,3.3720879403316633,6.058118657578145,9.525399374824868,13.77393009207102,18.80371080931765,24.614741526564153,31.20702224381059,38.58055296105674,46.73533367830202,55.652712646620316
669,1.2338955780371854,3.0130312336258105,5.573416889214534,8.915052544803041,13.037938200391771,17.94207385598061,23.627459511569064,30.094095167157583,37.34198082274599,45.37111647833666,54.16310167510892
670,2.677193912471335,5.113085518133232,8.330227123795034,12.32861872945718,17.108260335118658,22.66915194078056,29.011293546442193,36.13468515210313,44.03932675776778,52.72521836342742,62.17264599837753
671,2.220686205676236,4.474057081089471,7.50867795650272,11.324548831915703,15.921669707328716,21.300040582742437,27.459661458155917,34.400532333567384,42.12265320897919,50.62602408439037,59.89129603055185
672,1.6483234196251468,3.643786524595153,6.420499629565391,9.978462734535766,14.317675839506006,19.43813894447594,25.33985204944641,32.022815154417245,39.48702825938715,47.73249136435674,56.74037135561533
673,0.8578212510288091,2.406179253379616,4.735787255730566,7.846645258081449,11.738753260432299,16.412111262782883,21.866719265134325,28.102577267485476,35.119685269836594,42.91804327218864,51.479712371035326
674,1.0286090077799679,2.686988548160793,5.126618088541764,8.347497628922667,12.349627169303224,17.13300670968363,22.697636250064207,29.043515790444822,36.170645330824684,44.079024871203586,52.750495465006026
675,1.095897851592912,2.795087100345595,5.275526349098344,8.53721559785099,12.580154846603474,17.40434409535665,23.00978334410957,29.39647259286252,36.564411841616476,44.51360109037108,53.22579977313178
676,1.187508020476346,2.9402935403836152,5.474329060290888,8.78961458019834,12.88615010010567,17.763935620012795,23.42297113992037,29.86325665983071,37.08479217973836,45.08757769964486,53.853265461013045
677,1.3298808986992665,3.162011675384538,5.775392452070079,9.17002322875567,13.345904005440996,18.30303478212616,24.041415558811437,30.56104633549687,37.86192711218214,45.944057888867135,54.78893221649768
678,0.5601142027549241,1.886248925742546,3.993633648730203,6.882268371717788,10.552153094705165,15.003287817693145,20.23567254068106,26.249307263668705,33.044191986656664,40.620326709644374,48.96021697568465
679,1.88472638605622,3.991418103352821,6.87935982064944,10.54855153794599,14.998993255242418,20.230684972538885,26.24362668983478,33.037818407131724,40.61326012442703,48.96995184172417,58.08883798808717
680,1.568846110993133,3.525140951166027,6.2626857913388925,9.781480631511853,14.081525471684541,19.162820311856745,25.025365152029536,31.66915999220177,39.09420483237568,47.300499672547076,56.26928973553969
681,0.4906205623561859,1.7567994605721675,3.804228358788189,6.632907257004184,10.242836155220205,14.6340150534363,19.80644395165242,25.760122849867898,32.49505174808398,40.01123064630007,48.291284999219144
682,1.685161288395547,3.6984583172166614,6.493005346037592,10.068802374858635,14.425849403679592,19.564146432500827,25.483693461321593,32.18449049014278,39.666537518963636,47.92983454778336,56.95551279504379
683,1.0376589346101601,2.701603252506637,5.146797570403211,8.373241888299786,12.380936206196429,17.169880524093028,22.740074841989415,29.091519159886406,36.22421347778385,44.13815779567935,52.81518203743985
684,0.7463649101708183,2.2168950782952153,4.468675246419638,7.501705414544102,11.315985582668326,15.911515750792896,21.288295918917377,27.44632608704235,34.385606255166266,42.1061364232901,50.59013334357791
685,0.8144674516334557,2.3331905826385158,4.633163713643554,7.714386844648702,11.576859975653747,16.22058310665848,21.64555623766331,27.85177936866842,34.83925249967249,42.60797563067806,51.14006912792147
686,1.1421157534562458,2.868613451274352,5.376361149092427,8.665358846910422,12.735606544728606,17.587104242546832,23.219851940364684,29.633849638182788,36.82909733600073,44.8055950338159,53.54504754873813
687,0.9845322826982051,2.6154522845891504,5.027622286480268,8.22104228837143,12.195712290262302,16.951632292153246,22.488802294044653,28.807222295935823,35.906892297826765,43.787812299719434,52.43187827410683
688,1.45805858653525,3.358059795921539,6.039311005307821,9.5018122146939,13.74556342407994,18.770564633465902,24.57681584285279,31.16431705223933,38.53306826162455,46.683069471011216,55.59567849048067
689,0.6314110927410606,2.015303343992043,4.180445595243095,7.126837846493992,10.854480097744744,15.36337234899581,20.653514600246073,26.72490685149695,33.577549102748236,41.211441353999305,49.60897363324848
690,0.971109421104589,2.593545474178826,4.997231527253056,8.182167580327446,12.148353633401557,16.895789686476018,22.424475739550573,28.73441179262734,35.825597845701814,43.69803389877573,52.333632892245106
691,1.256274825602295,3.047945654618286,5.620866483634362,8.975037312650281,13.110458141666436,18.027128970682195,23.725049799697842,30.204220628713365,37.46464145772844,45.50631228674468,54.3108075866012
692,1.952030144388928,4.089093548858804,7.007406953328681,10.706970357798872,15.18778376226886,20.449847166738582,26.493160571208634,33.31772397568018,40.92353738015096,49.31060078462202,58.45979787478134
693,0.979798552992538,2.607733230902841,5.016917908813277,8.207352586723717,12.179037264633934,16.931971942544205,22.466156620454413,28.781591298365328,35.87827597627467,43.75621065418541,52.39729727523653
694,0.7796083606182843,2.2739262814371397,4.549494202255964,7.606312123074945,11.44438004389378,16.0636979647125,21.464265885531326,27.64608380635099,34.60915172716822,42.35346964798723,50.86120674546249
695,0.6188886937066759,1.9928821820753282,4.148125670443922,7.084619158812651,10.802362647181491,15.301356135549971,20.581599623918187,26.64309311228736,33.48583660065705,41.109830089025444,49.49748340291681
696,0.9824494980372973,2.6120568791400607,5.0229142602428025,8.215021641345555,12.18837902244811,16.942986403550808,22.478843784653325,28.795951165756286,35.894308546859385,43.773915927961305,52.41667190680158
697,0.5701475740398853,1.9046240371616328,4.020350500283458,6.917326963405146,10.595553426527164,15.055029889649187,20.295756352771647,26.31773281589334,33.120959279016375,40.7054357421384,49.05365106483527
698,1.5607778709163769,3.5130415689854413,6.246555267054636,9.761318965124241,14.057332663193428,19.134596361263714,24.993110059332615,31.63287375740215,39.053887455472584,47.25615115354045,56.22091813672431
699,0.9311987718822112,2.5280567846396007,4.906164797396636,8.065522810153851,12.006130822910691,16.727988835667773,22.231096848425146,28.515454861182235,35.58106287394177,43.42792088669973,52.03799299593199
700,2.052908768819904,4.234530684305999,7.197402599792237,10.94152451527851,15.466896430764805,20.773518346251322,26.86139026173755,33.73051217722487,41.38088409271231,49.81250600819933,59.00617249235678
701,1.0217684979523327,2.6759255624645264,5.111332626976656,8.327989691488972,12.32589675600099,17.10505382051333,22.665460885025677,29.00711794953816,36.130025014051085,44.034182078562985,52.70143864144557
702,0.9087480698809498,2.490976552247826,4.85445503461471,7.999183516981705,11.925161999348816,16.632390481716016,22.12086896408356,28.39059744645042,35.44157592881556,43.273804411183285,51.86927624908427
703,0.9534681662803793,2.564664348069004,4.957110529857763,8.13080671164636,12.085752893434723,16.82194907522313,22.33939525701211,28.638091438800664,35.7180376205892,43.579233802377594,52.2036154043006
704,2.365449253687236,4.678576388636804,7.772953523586544,11.648580658536115,16.305457793486166,21.743584928436036,27.96296206338587,34.963589198335285,42.74546633328639,51.30859346823594,60.633502161406334
705,1.3659166879564095,3.217447169133087,5.850227650310045,9.264258131486509,13.459538612663195,18.43606909384003,24.19384957501661,30.73288005619421,38.05316053737051,46.154691018548064,55.01892625126235
706,0.8461084647053857,2.3865353937792166,4.7082123228529555,7.81113925192656,11.695316181000624,16.36074311007392,21.807420039146297,28.035346968219343,35.04452389729346,42.834950826365564,51.38870471407852
707,0.8344416628423875,2.366913893513354,4.680636124184354,7.775608354855646,11.651830585526778,16.309302816198027,21.748025046869287,27.967997277540807,34.96921950821194,42.751691738884425,51.297506837593616
708,2.9148833467448942,5.439637028265444,8.745640709785938,12.832894391306347,17.70139807282714,23.35115175434743,29.78215543586847,36.99440911737051,44.98791279889005,53.762666480410026,63.29877846706623
709,3.568852377522248,6.320903184080693,9.854203990638592,14.16875479719681,19.26455560375499,25.141606410313535,31.79990721687187,39.23945802343048,47.46025882998744,56.462309636547886,66.22526415399378
710,1.2568594897408258,3.0488563007603124,5.622103111779822,8.976599922799334,13.112346733818832,18.029343544838206,23.727590355857803,30.207087166878075,37.46783397789791,45.50983078891846,54.31465141881596
711,1.008132671429243,2.65383029845453,5.080777925479836,8.288975552505036,12.27842317953028,17.049120806555887,22.601068433581744,28.93426606060673,36.048713687630524,43.94441131465374,52.60322535892313
712,0.7940706945721461,2.2985787495956935,4.58433680461916,7.651344859642669,11.499602914665951,16.129110969689357,21.53986902471271,27.731877079736318,34.70513513476041,42.4596431897833,50.97755004119638
713,1.7572273973386674,3.8048580727489476,6.6337387481593835,10.243869423569517,14.635250098979764,19.807880774389808,25.761761449799526,32.49689212521002,40.01327280062132,48.3109034760317,57.37084670259148
714,2.262242201659655,4.532961199334167,7.5849301970089735,11.418149194683783,16.0326181923587,21.428337190033453,27.605306187708397,34.56352518538498,42.30299418305917,50.823713180733456,60.10629855291151
715,0.9254438088032237,2.5185686845847544,4.892943560366293,8.048568436147765,11.985443311929458,16.703568187710985,22.20294306349277,28.483567939274646,35.54544281505645,43.388567690835984,51.99491412936512
716,0.7742960981808967,2.2648473017998807,4.536648505418749,7.589699709037712,11.424000912657178,16.039552116276127,21.43635331989462,27.614404523513283,34.57370572713177,42.314256930751604,50.81823484446497
717,0.718688318658271,2.169006905457452,4.400575492256583,7.413394079055605,11.207462665854946,15.782781252654116,21.139349839453075,27.27716842625152,34.19623701305096,41.89655559984987,50.36038136197718
718,1.2577668887363527,3.0502694738522687,5.624022058968115,8.97902464408393,13.115277229199599,18.032779814316225,23.731532399432666,30.211534984548233,37.47278756966544,45.51529015477887,54.32061554722172
719,0.6294386146588866,2.0117782083824394,4.175367802106027,7.120207395829622,10.846296989553421,15.353636583276497,20.642226176999795,26.712065770723378,33.56315536444672,41.195494958170755,49.591477685205994
720,0.5737998319299265,1.911294536477667,4.030039241025459,6.930033945573428,10.611278650121587,15.073773354669317,20.31751805921637,26.34251276376347,33.14875746831241,40.736252172860794,49.087479700498264
721,1.9519715263591508,4.089008708501557,7.007295890644106,10.706833072786532,15.187620254929094,20.44965743707182,26.492944619214292,33.317481801355896,40.923268983498936,49.31030616564067,58.45947708591589
722,1.8836159912814963,3.98980212000221,6.8772382487229455,10.545924377443658,14.995860506164448,20.22704663488523,26.239482763606365,33.03316889232768,40.60810502104745,48.96429114976871,58.08267271873186
723,0.751208992866419,2.225237911704703,4.480516830543051,7.517045749381352,11.334824668219555,15.933853587058188,21.314132505896737,27.475661424741222,34.4184403435802,42.142469262419034,50.629957935920466
724,0.5877635558362847,1.9367102951253052,4.066907034414378,6.978353773703349,10.67105051299213,15.14499725228112,20.400193991569243,26.436640730858116,33.25433747014656,40.85328420943331,49.2159408677434
725,1.0647877132421,2.7452696052812935,5.2070014973203955,8.449983389359616,12.474215281398735,17.279697173437835,22.866429065477373,29.234410957516832,36.38364284955505,44.314124741592515,53.00765348234814
726,1.1439250843392135,2.871480502977251,5.380285921615441,8.670341340253726,12.741646758891633,17.594202177530008,23.228007596168883,29.643063014807478,36.83936843344675,44.81692385208465,53.557431972385714
727,0.9549877970996274,2.5671562604969758,4.9605747238941165,8.13524318729129,12.091161650688287,16.82833011408556,22.34674857748244,28.646417040879342,35.727335504276056,43.5895039676723,52.214855906641574
728,1.4179427817342078,3.297035314621393,5.957377847508619,9.39897038039559,13.621812913282547,18.62590544616996,24.411247979057194,30.977840511944432,38.32568304483204,46.45477557771933,55.34651773803908
729,2.275786781131116,4.55212566332998,7.609714545528922,11.44855342772753,16.06864230992646,21.469981192125523,27.652570074324473,34.61640895652495,42.36149783872429,50.88783672092455,60.176030737854894
730,0.5588260162214966,1.883884347361892,3.990192678502154,6.8777510096425925,10.546559340782952,14.996617671923117,20.22792600306408,26.240484334204844,33.03429266534595,40.60935099648644,48.9481670234659
731,2.0902888121183554,4.288142704354914,7.267246596591796,11.027600488828435,15.569204381064935,20.89205827330136,26.996162165537868,33.88151605777467,41.54811995001025,49.99597384224668,59.20583983920127
732,0.5898480571558796,1.9404926347200138,4.072387212284056,6.985531789847962,10.679926367411554,15.155570944975054,20.412465522538504,26.450610100102875,33.27000467766593,40.870649255227505,49.235000356133845
733,0.7192808677016975,2.1700362161889966,4.402041564676317,7.415296913163809,11.209802261650847,15.785557610138337,21.142562958626087,27.280818307113524,34.20032365560097,41.90107900408891,50.36534065437916
734,3.573661462172216,6.327302762294949,9.86219406241743,14.17833536253987,19.275726662661853,25.154367962784377,31.814259262908067,39.255400563030804,47.47779186315369,56.48143316327671,66.24597499329987
735,0.7382390611372531,2.202874551321976,4.448760041506745,7.475895531691531,11.28428102187625,15.873916512061221,21.24480200224627,27.39693749243024,34.330322982615314,42.04495847280027,50.52307250450359
736,1.4453946685252386,3.3388267651185393,6.01350886171171,9.469440958304789,13.706623054898111,18.72505515149134,24.524737248084328,31.10566934467786,38.46785144127125,46.611283537866306,55.51733658276674
737,0.4117930237442616,1.6045567895449464,3.578570555345711,6.333834321146506,9.870348086947425,14.188111852748156,19.287125618548536,25.1673893843493,31.828903150150055,39.27166691594983,47.47845296671794
738,0.9459585783796494,2.5523386025180286,4.939968626656503,8.108848650794814,12.058978674933233,16.790358699071692,22.302988723209594,28.596868747350385,35.6719987714898,43.528378795628996,52.147953872222836
739,1.0357524291561642,2.6985264654551577,5.142550501754212,8.367824538053199,12.374348574351847,17.16212261065065,22.73114664694886,29.0814206832489,36.21294471954822,44.12571875584855,52.80157505657415
740,1.4985950372999384,3.419433991549972,6.121522945799398,9.604861900049192,13.86945085429867,18.915289808548273,24.742378762797507,31.350717717047996,38.74030667129861,46.911145625547896,55.84455071438986
741,0.5493621837868428,1.8664743192435362,3.9648364547001913,6.844448590157021,10.505310725613597,14.94742286107053,20.170784996527424,26.17539713198371,32.961259267441285,40.52837140289851,48.85925712658433
742,1.3604720566129127,3.2090879991285273,5.838953941643956,9.250069884159695,13.442435826675672,18.416051769191288,24.17091771170676,30.707033654221757,38.024399596738164,46.12301553925571,54.98434206238589
743,2.31888398655913,4.612994271240581,7.688354555922014,11.544964840603665,16.18282512528521,21.60193540996682,27.80229569464841,34.7839059793301,42.54676626401243,51.09087654869507,60.396806425313834
744,0.6456056134895836,2.0406004512870184,4.2168452890844375,7.174340126881858,10.913084964679419,15.43307980247688,20.734324640274725,26.816819478072315,33.6805643158514,41.325559153646935,49.73417181426799
745,0.42431134945863086,1.6291761688784774,3.615290988298339,6.382655807718197,9.931270627138007,14.261135446557674,19.372250265976966,25.26461508539692,31.938229904816968,39.39309472423743,47.61195762651788
746,2.9395264828092955,5.473282400273167,8.788288317736999,12.884544235200696,17.762050152664447,23.420806070127995,29.860811987591447,37.082067905056086,45.08457382251942,53.868329739984816,63.41342595811015
747,1.4471432452867516,3.341484083056908,6.01707492082704,9.473915758597375,13.712006596367397,18.731347434137696,24.531938271907734,31.113779109677683,38.47686994744905,46.62121078521777,55.52817075381074
748,0.7296685385191976,2.188051512704398,4.427684486889798,7.448567461075064,11.250700435260418,15.834083409445812,21.198716383631396,27.344599357816406,34.2717323320015,41.980115306187386,50.45198932692503
749,0.5270316424600382,1.825118455068902,3.904455267677895,6.765042080286958,10.4068788928957,14.829965705504295,20.03430251811349,26.01988933072257,32.78672614333137,40.33481295593955,48.646711407420646
750,1.5903548865067123,3.5573458053742737,6.305586724241871,9.835077643109635,14.145818561977384,19.237809480845176,25.111050399712738,31.765541318579533,39.20128223744722,47.41827315631401,56.39773790583925
751,0.4214772440827888,1.6236182290635206,3.607009214044356,6.371650199025091,9.917541184005879,14.24468216898647,19.353073153967603,25.242714138948003,31.913605123928335,39.36574610890849,47.581890624418584
752,0.8353925071839733,2.368515118767865,4.682887730351695,7.778510341935657,11.65538295351975,16.313505565103934,21.75287817668856,27.973500788272602,34.97537339985737,42.75849601144084,51.30496019030193
753,1.8860619812571648,3.993361628857698,6.881911276458368,10.551710924059151,15.002760571659701,20.235060219260617,26.24860986686108,33.043409514461956,40.61945916206285,48.976758809661625,58.096251670460056
754,1.4791924806138104,3.3900931960548006,6.082243911495723,9.55564462693666,13.810295342377264,18.846196057818506,24.663346773259356,31.261747488700223,38.64139820414306,46.80229891958294,55.725785646097435
755,3.534070052292196,6.27458535966962,9.79635066704691,14.099365974424398,19.183631281802164,25.049146589180488,31.69591189655855,39.12392720393666,47.333192511313996,56.32370781868718,66.07514990795472
756,1.4257054750548495,3.3088668413699063,5.973278207685088,9.418939574000175,13.645850940315444,18.65401230663046,24.443423672945837,31.01408503926047,38.36599640557395,46.49915777188978,55.39496062797404
757,0.6907778174383178,2.120315874314185,4.331103931190052,7.323141988066073,11.09643004494183,15.650968101817247,20.98675615869295,27.103794215551588,34.002082272425405,41.681620329299015,50.12470712255916
758,2.419930101633417,4.7550706669614415,7.871461232289473,11.76910179761795,16.447992362945946,21.90813292827449,28.1495234936021,35.17216405893072,42.97605462425846,51.561195189585895,60.908073286279624
759,0.4258679303486019,1.6322248968483188,3.619831863347978,6.388688829847742,9.938795796347467,14.270152762847557,19.382759729347633,25.27661669584772,31.951723662348808,39.40808062884848,47.62843269391619
760,0.8241252819578749,2.3495171095746814,4.656158937191339,7.744050764808379,11.613192592425229,16.263584420042093,21.6952262476591,27.908118075275727,34.902259902892276,42.677651730507954,51.21640058696909
761,0.7919225109193873,2.2949228627279443,4.579173214536569,7.644673566345318,11.491423918154169,16.119424269963034,21.528674621772026,27.719174973580902,34.69092532539056,42.4439256771986,50.960327840805604
762,0.6159301327236635,1.9875703376927056,4.140460542661553,7.074600747630734,10.78999095260004,15.286631157569374,20.564521362538656,26.623661567508016,33.46405177247615,41.08569197744426,49.47099671450428
763,3.181642378173831,5.801912241351837,9.203432104529906,13.386201967707743,18.350221830885726,24.09549169406374,30.622011557241002,37.929781420417484,46.01880128359517,54.88907114677026,64.52050828271624
764,1.9475308504364408,4.08258038414563,6.998879917854814,10.696429451563931,15.175228985273021,20.435278518981708,26.476578052690538,33.29912758639887,40.90292712010715,49.28797665381604,58.43516390095869
765,1.081479307061709,2.7720317732243767,5.24383423938689,8.496886705549345,12.531189171712255,17.346741637875105,22.943544104037745,29.321596570201322,36.480899036363006,44.42145150252545,53.125030676257715
766,1.4020614369925266,3.272794877378357,5.924778317763852,9.358011758149622,13.57249519853534,18.568228638921017,24.345212079306183,30.903445519691925,38.24292896007676,46.36366240046242,55.247062186469655
767,0.9413839060319359,2.5448206610766775,4.929507416121497,8.095444171166283,12.042630926211105,16.77106768125611,22.2807544363015,28.5716911913465,35.643877946392216,43.49731470143675,52.1139523954723
768,2.2192474875368924,4.47201485569139,7.506032223845856,11.321299592000424,15.917816960154832,21.295584328309857,27.4546016964639,34.39486906461828,42.11638643277131,50.619153800927016,59.88382344684728
769,0.48064730380156206,1.7378814499508637,3.776365596100232,6.596099742249744,10.19708388839901,14.579318034548628,19.742802180698842,25.68753632684862,32.41352047299892,39.920754619149996,48.1918821095065
770,0.7640253331763344,2.247257116556264,4.51173889993608,7.557470683315973,11.384452466695821,15.992684250075447,21.38216603345568,27.552897816836158,34.50487960021607,42.23811138359722,50.73478451591099
771,0.7865152957999357,2.285711515743501,4.566157735687016,7.62785395563051,11.470800175574084,16.0949963955182,21.500442615461715,27.687138835405634,34.65508505534947,42.40428127529269,50.9168869152978
772,1.1834013751082968,2.9338295404991075,5.465507705889804,8.778435871280589,12.872614036671393,17.748042202062447,23.40472036745275,29.84264853284286,37.06182669823409,45.062254863624865,53.82558998518073
773,1.187195137802065,2.9398011959727635,5.473657254143506,8.788763312314265,12.885119370484844,17.76272542865569,23.421581486826145,29.861687544996723,37.083043603167745,45.08564966133943,53.851158319896385
774,2.136100590863662,4.353651197784952,7.352451804706199,11.132502411627591,15.6938030185488,21.036353625469932,27.16015423239147,34.06520483931426,41.751505446234184,50.21905605315614,59.44857937136964
775,0.9303536368302014,2.5266641503646814,4.904224663899216,8.063035177433731,12.00309569096782,16.724406204502042,22.226966718036483,28.510777231570838,35.57583774510747,43.42214825864108,52.031673963648636
776,0.8347852180439369,2.3674924844298872,4.6814497508158945,7.776657017202078,11.653114283588286,16.310821549974527,21.749778816360873,27.96998608274683,34.97144334913419,42.75415061552227,51.30020027987775
777,0.8943671583924999,2.4671294960096035,4.821141833626669,7.956404171243672,11.872916508860481,16.57067884647765,22.049691184094144,28.309953521714228,35.35146585933041,43.17422819694725,51.76025282238821
778,1.3999071724254148,3.2695030838751076,5.920348995324774,9.352444906774481,13.565790818223936,18.560386729673407,24.33623264112346,30.89332855257406,38.23167446402416,46.35127037547304,55.233534907602184
779,0.9431649086121591,2.54774837977419,4.933581850936267,8.10066532209827,12.048998793260111,16.778582264422237,22.289415735583933,28.5814992067566,35.65483267791885,43.50941614908151,52.12719826580265
780,1.4635741076596267,3.36642744465699,6.050530781654483,9.515884118651753,13.762487455648818,18.79034079264527,24.599444129642038,31.189797466639952,38.561400803637326,46.71425414063286,55.62970958345444
781,2.036916532702582,4.211548842762535,7.1674311528224965,10.904563462882566,15.422945772942384,20.722578083002425,26.80346039306224,33.665592703122336,41.30897501318235,49.73360732324309,58.92029818118238
782,1.4486951416108524,3.3438420453285755,6.020238949046217,9.477885852764222,13.716782756481948,18.736929660200264,24.538326563917895,31.120973467635938,38.48487037135566,46.630017275073236,55.537781697487986
783,0.7429069901622237,2.210932645502784,4.460208300843415,7.49073395618387,11.302509611524647,15.895535266865094,21.269810922205586,27.42533657754598,34.3621122328874,42.08013788822348,50.56163530475063
784,1.4306756545432346,3.316436337424059,5.983447020304994,9.431707703185783,13.66121838606684,18.671979068947575,24.46398975182838,31.03725043471553,38.39176111759819,46.52752180047914,55.4259187744937
785,1.1858973137409807,2.937758719630939,5.470870125520902,8.78523153141059,12.88084293730045,17.7577043431899,23.415815749079655,29.855177154968615,37.07578856085733,45.07764996674855,53.84241546232585
786,1.2568775771775793,3.048884471715938,5.622141366254122,8.976648260792853,13.112405155331702,18.029412049870263,23.727668944408702,30.20717583894688,37.46793273348619,45.509939628026565,54.3147703212793
787,1.4351969616205096,3.3233182896733995,5.992689617726074,9.443310945778803,13.67518227383174,18.68830360188442,24.482674929936966,31.058296257988932,38.41516758604104,46.553288914093706,55.45404181198726
788,0.9488994423324192,2.557167813210849,4.946686184089268,8.117454554967635,12.069472925845757,16.802741296724317,22.31725966760241,28.613028038480774,35.690046409358594,43.54831478023641,52.169774426872735
789,0.8943635797258855,2.4671235522740202,4.821133524822144,7.956393497370446,11.872903469918896,16.5706634424673,22.04967341501492,28.309933387563078,35.3514433601112,43.17420333265741,51.760225597761604
790,0.8632792537152595,2.415314531752244,4.748599809789221,7.863135087826279,11.758920365863172,16.435955643900392,21.89424092193721,28.133776199974392,35.15456147801219,42.95659675604867,51.52193577603061
791,3.0524111021215443,5.626929951892049,8.982698801662671,13.119717651433227,18.037986501204035,23.73750535097355,30.21827420074399,37.48029305051356,45.523561900283724,54.34808075005026,63.93385837462537
792,0.7459686905134522,2.216212178187373,4.467705665861212,7.500449153535261,11.314442641209114,15.909686128882628,21.286179616556243,27.443923104230088,34.38291659190336,42.10316007957398,50.58687089277276
793,0.6279352150899588,2.0090897570914628,4.171494299092991,7.115148841094669,10.840053383095997,15.346207925097385,20.633612467098676,26.702267009100314,33.55217155110074,41.18332609310104,49.57812613851662
794,0.7485954244284694,2.22073803901893,4.474130653609408,7.508773268199984,11.324665882790327,15.921808497380782,21.300201111971855,27.45984372656233,34.40073634115188,42.122878955743126,50.60848509760589
795,0.7674895406276818,2.2531955454992447,4.520151550370946,7.5683575552427245,11.397813560114145,16.008519564985914,21.400475569858223,27.57368157472964,34.52813757960199,42.263843584472504,50.76298598983287
796,0.35753537391742607,1.4955886458910834,3.414891917864815,6.11544518983878,9.597248461812725,13.860301733786816,18.904605005760818,24.73015827773477,31.336961549709304,38.725014821683516,46.87719979961355
797,2.512869973514863,4.8849992842889085,8.038378595063062,11.973007905837196,16.688887216611167,22.186016527384787,28.464395838158243,35.524025148932175,43.364904459707375,51.98703377048069,61.3708266351306
798,1.5699211158754753,3.5267522784083036,6.264833440941295,9.784164603474238,14.08474576600712,19.166576928539605,25.029658091071816,31.673989253604777,39.099570416137546,47.30640157866997,56.275726891378525
799,0.7463265408980029,2.216828950677997,4.468581360457941,7.501583770237922,11.315836180017975,15.911338589797767,21.288090999577964,27.446093409357754,34.38534581913719,42.105848228918084,50.58981744637889
800,1.2835789086802405,3.0903931773913977,5.678457446102503,9.047771714814047,13.19833598352514,18.130150252236632,23.843214520947768,30.337528789658897,37.613093058370495,45.66990732708139,54.48951577975307
801,0.5436758895753061,1.8559806482014825,3.9495354068276383,6.8243401654536395,10.480394924079743,14.91769968270583,20.136254441331975,26.136059199958726,32.91711395858392,40.479418717208,48.80550667881946
802,1.2265487702070244,3.0015445490983947,5.5577903279898555,8.895286106881388,13.014031885772805,17.914027664664097,23.59527344355548,30.057769222446858,37.301515001336796,45.326510780226045,54.11436438005655
803,0.6287901610095992,2.0106187861933047,4.173697411377116,7.118026036560998,10.843604661744715,15.35043328692855,20.638511912112666,26.707840537296942,33.55841916246276,41.19024778764495,49.5857205680757
804,2.536963992965663,4.918570218142888,8.081426443320161,12.025532668497505,16.750888893674993,22.257495118852123,28.54535134402992,35.61445756920725,43.4648137943884,52.096420019563254,61.48967084478975
805,1.3208603583011487,3.148093972310395,5.756577586319628,9.146311200328903,13.317294814338336,18.26952842834768,24.003012042356758,30.51774565636479,37.81372927037363,45.89096288438243,54.73094984366031
806,1.2561824089295703,3.0478017036901814,5.620670998450765,8.974790293211527,13.110159587972479,18.026778882733062,23.724648177493524,30.203767472253922,37.46413676701386,45.50575606177542,54.31019993044333
807,1.571768095039802,3.529520291058036,6.268522487076302,9.788774683094505,14.090276879112782,19.17302907513119,25.03703127114986,31.68228346716894,39.10878566318657,47.31653785920525,56.2867823633327
808,0.9015574144404712,2.479062130360872,4.837816846281273,7.977821562201945,11.899076278122406,16.601580994043246,22.08533570996339,28.350340425884117,35.39659514180425,43.22409985772493,51.81485737671445
809,2.0588704149368495,4.243090972284888,7.208561529632957,10.955282086980946,15.483252644329218,20.792473201677478,26.882943759025117,33.754664316373244,41.40763487372187,49.841855431071465,59.03811535980272
810,1.8212577287799037,3.8988075051756304,6.757607281571072,10.397657057966839,14.818956834362533,20.021506610758223,26.005306387153574,32.77035616354998,40.31665593994621,48.64420571634061,57.73400820568074
811,2.5016293607794067,4.869321854877328,8.018264348975357,11.94845684307263,16.65989933717059,22.152591831268083,28.426534325366184,35.48172681946398,43.318169313562294,51.935861807660054,61.315226729265625
812,1.7148943834972739,3.7424440837244592,6.551243783951656,10.141293484179299,14.512593184406612,19.665142884634054,25.598942584861533,32.31399228508804,39.810291985314635,48.087841685542614,57.12774409886189
813,3.1237758537890143,5.723676701560206,9.104827549331269,13.26722839710251,18.21087924487378,23.935780092645015,30.441930940416462,37.7293317881881,45.797982635958135,54.64788348373103,64.25899234230025
814,1.1222199559419532,2.8370310007103043,5.33309204547863,8.610403090246669,12.668964135014885,17.50877517978339,23.129836224551603,29.532147269308446,36.71570831407583,44.680519358843455,53.408308594017996
815,1.2847465230394104,3.092204767373061,5.680913011706528,9.050871256040148,13.202079500373408,18.1345377447071,23.848245989040706,30.343204233374006,37.61941247770954,45.676870722042096,54.49712186238419
816,0.7755047894012365,2.2669141613103774,4.539573533219569,7.59348290512872,11.428642277037497,16.045051648946313,21.442711020855636,27.621620392764875,34.581779764673264,42.32318913658154,50.828023502247135
817,1.1612155370126795,2.898836927721373,5.4177083184301,8.717829709138845,12.79920109984716,17.661822490555966,23.305693881264805,29.730815271973555,36.93718666268137,44.924808053389654,53.675362013815366
818,0.6204238537585657,1.9956362147873572,4.152098575816146,7.089810936844826,10.808773297873497,15.308985658902275,20.590448019930808,26.65316038095945,33.49712274198661,41.12233510301533,49.51120485182316
819,1.0176166972964629,2.6692040637158145,5.102041430135195,8.316128796554535,12.311466162973769,17.08805352939336,22.645890895812524,28.984978262220604,36.10531562863842,44.00690299505678,52.67159499924195
820,1.929230736745375,4.056065121054511,6.964149505364088,10.653483889673701,15.124068273983085,20.375902658292556,26.408987042602327,33.223321426911326,40.81890581122219,49.19574019553189,58.334728723569285
821,1.9506411149350897,4.087083041787789,7.00477496864077,10.703716895493713,15.183908822346293,20.44535074919988,26.488042676053162,33.31198460290641,40.917176529759146,49.30361845661275,58.45219531211003
822,1.9553254659959,4.09386237470818,7.013649283420756,10.714686192133014,15.196973100845364,20.46051000955751,26.505296918269405,33.33133382698265,40.93862073569457,49.32715764440686,58.477825291797046
823,1.0248409060246926,2.6808962342782374,5.1182015625316675,8.33675689078499,12.336562219038573,17.11761754729192,22.679922875545778,29.023478203798902,36.14828353205234,44.054338860306444,52.723489890401716
824,1.116329889431845,2.8276613111006728,5.320242732769602,8.594074154438246,12.649155576106766,17.48548699777538,23.103068419443872,29.50189984111354,36.68198126278163,44.64331268445227,53.367629255778645
825,2.006512225567564,4.167779863834428,7.1102975021014565,10.834065140368729,15.339082778635664,20.625350416903316,26.692868055170813,33.54163569343769,41.17165333170625,49.58292096997246,58.75627388546407
826,0.7986214402359938,2.3063167157194213,4.595261991202872,7.6654572666861815,11.516902542169507,16.149597817652488,21.563543093135834,27.758738368619454,34.735183644101404,42.49287891958365,51.01396661701386
827,1.04896932963822,2.7198343764887634,5.171949423339397,8.405314470190065,12.419929517040801,17.21579456389091,22.79290961074109,29.151274657591998,36.2908897044407,44.21175475129095,52.89568588054799
828,0.4155221401013171,1.611909725425314,3.589547310749453,6.34843489607346,9.88857248139747,14.209960066721624,19.31259765204565,25.196485237370073,31.861622822694095,39.30801040801958,47.51841303067515
829,0.9805800456583458,2.609008067686183,5.018686089713902,8.209614111741738,12.181792133769193,16.935220155796557,22.469898177823648,28.78582619985166,35.883004221877194,43.76143224390504,52.40301122238794
830,0.4268860420128751,1.6342175013021962,3.6227989605915605,6.392630419880832,9.943711879170202,14.27604333845969,19.389624797749565,25.284456257038844,31.96053771632732,39.41786917561605,47.639193784486
831,1.8397155669793646,3.9257920034425924,6.793118439905789,10.44169487636928,14.871521312832751,20.08259774929676,26.074924185760423,32.84850062222375,40.40332705868707,48.73940349515033,57.83771559123855
832,0.5247675668827859,1.820903098712245,3.898288630541754,6.756924162371244,10.396809694200789,14.817945226030451,20.02033075785986,26.003966289689902,32.768851821520244,40.314987353349714,48.62493842661915
833,1.0125180523534258,2.66094250250514,5.090616952656963,8.30154140280891,12.293715852960668,17.067140303112186,22.621814753263454,28.957739203415233,36.07491365356734,43.97333810372015,52.63487351747337
834,1.9230899444438652,4.047158926288609,6.9524779081333135,10.639046889978065,15.106865871822748,20.35593485366776,26.386253835512242,33.19782281735718,40.79064179920307,49.16471078104881,58.300939437428454
835,0.8708824083514939,2.428020915795431,4.766409423239388,7.886047930683135,11.786936438127157,16.469074945570938,21.932463453014666,28.177101960458373,35.20299046790156,43.01012897534491,51.58056101827464
836,1.2572384452743062,3.049446504083255,5.622904562892083,8.977612621701201,13.113570680510241,18.03077873931926,23.72923679812823,30.208944856936885,37.46990291574478,45.51211097455296,54.31714242974356
837,0.6358107607706213,2.023157544270824,4.191754327771211,7.141601111271645,10.87269789477245,15.385044678272644,20.678641461772987,26.753488245273633,33.60958502877476,41.24693181227401,49.64791171470521
838,1.3257300155977596,3.155609388309998,5.766738761022376,9.159118133735012,13.332747506447015,18.28762687915932,24.023756251871706,30.541135624584655,37.839764997296896,45.919644370009344,54.76227179647787
839,0.4479995253680312,1.6752841087035715,3.6838186920392313,6.473603275374868,10.044637858710576,14.396922442046122,19.530457025381708,25.44524160871732,32.141276192052864,39.61856077538725,47.859798602053914
840,1.4143304777470214,3.2915258163048313,5.949971154863073,9.389666493421082,13.610611831978987,18.612807170535763,24.396252509093546,30.960947847651937,38.30689318620923,46.43408852476681,55.32393728514929
841,1.2141683246828519,2.9821596547913685,5.531400984900055,8.861892315008673,12.973633645116909,17.866624975224873,23.540866305333232,29.99635763544164,37.23309896554792,45.25109029565676,54.03195345560409
842,2.0990527517677395,4.300691259347561,7.283579766927306,11.047718274507515,15.593106782087458,20.919745289667397,27.02763379724786,33.91677230482817,41.58716081240731,50.03879931998464,59.25244236305554
843,1.0611247580423855,2.739386133127094,5.198897508211807,8.43965888329632,12.461670258380773,17.26493163346563,22.84944300855017,29.215204383641627,36.3622157587278,44.29047713381266,52.98178979864793
844,0.625035092331477,2.0038996036685672,4.164014115005537,7.105378626342326,10.827993137679355,15.33185764901622,20.616972160353217,26.68333667169028,33.53095118302829,41.159815694364575,49.55233028918067
845,1.7867252316124413,3.848205753312233,6.690936275012049,10.31491679671213,14.720147318411948,19.90662784011205,25.87435836181137,32.62333888351159,40.15356940521053,48.46504992690932,57.53881530006038
846,0.8324954304027964,2.3636352746745275,4.676025118946343,7.769664963217989,11.644554807489536,16.300694651761315,21.7380844960328,27.956724340305716,34.9566141845758,42.737754028846666,51.28223940593101
847,0.7596680422517338,2.239779763611083,4.50114148497042,7.54375320632989,11.367614927689527,15.972726649048592,21.35908837040825,27.52670009176747,34.47556181312714,42.205673534484966,50.69923284490255
848,1.1679659091340298,2.9094968026076913,5.432277696081271,8.736308589555241,12.821589483028859,17.68812037650219,23.335901269975455,29.76493216344854,36.97521305692311,44.966743950397024,53.72119959458499
849,2.305741201987364,4.594449611141198,7.6644080202951805,11.515616429449283,16.148074838603318,21.561783247757237,27.7567416569108,34.73295006606407,42.490408475218565,51.02911688437188,60.329655689202255
850,1.4998522334441664,3.421332914021587,6.1240635945989865,9.608044275176697,13.873274955754116,18.91975563633089,24.747486316908308,31.356466997486503,38.74669767806279,46.91817835864058,55.85222389036013
851,1.1918651045002717,2.947147287012629,5.48367946952492,8.80146165203714,12.900493834549174,17.780776017061207,23.44230819957336,29.885090382086002,37.10912256460054,45.11440474711229,53.882584177757685
852,1.0194944497062424,2.672244672362719,5.106244895019242,8.32149511767589,12.31799534033222,17.095745562988732,22.65474578564525,28.99499600830196,36.11649623095849,44.019246453615985,52.685098988328264
853,1.039611325195791,2.704752976957516,5.151144628719241,8.378786280481098,12.387677932242601,17.177819584004315,22.749211235766413,29.101852887528295,36.23574453928933,44.150886191051505,52.82910537201138
854,1.1473842112455195,2.8769594829400167,5.387784754634703,8.679860026329466,12.753185298024242,17.607760569718884,23.2435858414138,29.660661113108343,36.8589863848025,44.83856165649725,53.58108559015062
855,0.8498369275228145,2.392794431296771,4.717001935070812,7.822459438845149,11.709166942619383,16.377124446393303,21.826331950167233,28.056789453931827,35.06849695770415,42.86145446147807,51.417733862744754
856,1.0856337845845807,2.7786806779867783,5.2529775713889455,8.508524464791106,12.545321358193581,17.363368251595823,22.962665144997068,29.34321203839849,36.50500893179988,44.44805582520247,53.15412443731677
857,1.1636320557820758,2.902654284776095,5.422926513770454,8.724448742764565,12.807220971758985,17.67124320075321,23.316515429747415,29.743037658741958,36.95080988773694,44.93983211673141,53.691784113765465
858,2.313312006306404,4.605134000269339,7.678205994232237,11.532527988195406,16.168099982157937,21.58492197612098,27.782993970084124,34.76231596404682,42.52288795800993,51.064709951971274,60.36835611444011
859,1.2516211751289734,3.040694631861941,5.611018088595121,8.962591545328136,13.09541500206139,18.00948845879443,23.70481191552674,30.181385372259992,37.439208828990786,45.47828228572265,54.280185408039245
860,0.6509727479411009,2.05013377538772,4.230544802834307,7.192205830281107,10.935116857727754,15.459277885174545,20.764688912621697,26.85134994006807,33.719260967517414,41.368421994960165,49.781192512849444
861,1.18351766505885,2.934012641069161,5.465757617079443,8.77875259308953,12.87299756910002,17.748492545110437,23.405237521120608,29.8432324971312,37.0624774731409,45.06297244914771,53.8263742477061
862,0.7023555035495783,2.14056366220382,4.360021820858148,7.360729979512503,11.142688138166742,15.705896296821232,21.050354455475546,27.176062614130444,34.08302077278507,41.77122893143826,50.22296848627154
863,1.2941552882464538,3.1067921158643164,5.700678943481979,9.07581577109992,13.232202598717597,18.169839426334267,23.888726253952623,30.38886308157101,37.670249909187746,45.732886736805035,54.558306103269466
864,0.8009168219320446,2.3102162760377434,4.600765730143525,7.672565184249176,11.525614638355052,16.159914092460834,21.57546354656653,27.77226300067344,34.75031245477849,42.50961190888512,51.03230057658236
865,1.5343712051873308,3.4733679331986824,6.19361466121016,9.695111389221319,13.977858117232767,19.04185484524376,24.88710157325521,31.513598301266693,38.92134502927753,47.110341757288566,56.06186830434791
866,2.2067028377071716,4.4541997191026,7.482946600498565,11.29294348189429,15.884190363290717,21.256687244686365,27.410434126082013,34.34543100747626,42.06167788887427,50.5591747702693,59.81858447040487
867,1.5437786566988294,3.4875147767066017,6.212500896714558,9.718737016722496,14.006223136730544,19.07495925673881,24.924945376746837,31.556181496755663,38.96866761676435,47.1624037367718,56.11866019704092
868,0.6410494328889754,2.0324939665157187,4.2051885001424205,7.159133033769182,10.894327567396113,15.410772101023,20.708466634650264,26.78741116827638,33.647605701903295,41.28905023552964,49.69411969258912
869,0.9207666023109492,2.510848902972643,4.882181203634436,8.034763504296203,11.968595804957808,16.683678105619336,22.180010406280747,28.45759270694241,35.51642500760493,43.35650730826661,51.959817256826774
870,1.3083177137176811,3.1287141736664066,5.7303606336149615,9.11325709356362,13.277403553512398,18.222800013461214,23.949446473410227,30.45734293335915,37.746489393305616,45.81688585325519,54.6500493327816
871,0.9173209975479205,2.505156947492872,4.874242897437972,8.024578847383026,11.956164797328237,16.669000747273472,22.16308669721821,28.43842264716331,35.49500859710852,43.33284454705401,51.93391263759765
872,5.776309035173818,9.17117817762652,13.347297320078724,18.304666462530797,24.043285604983424,30.563154747436506,37.864273889888885,45.94664303234166,54.81026217479112,64.4551313172429,74.85961853391362
873,1.6388358490020438,3.6296736517460144,6.401761454490016,9.955099257234052,14.28968705997791,19.405524862721762,25.302612665465418,31.980950468208857,39.44053827095369,47.681376073697024,56.68464001334085
874,1.8904718426764424,3.999777224301131,6.890332605926001,10.562137987550805,15.015193369175456,20.249498750799443,26.26505413242391,33.06185951404866,40.639914895671154,48.999220277295116,58.12071486065766
875,2.2722220877033616,4.547083541027666,7.603194994352208,11.440556447676972,16.059167901001526,21.459029354325647,27.640140807649722,34.60250226097429,42.346113714300394,50.870975167623776,60.15769471053496
876,0.44413462684118116,1.6678024555355484,3.672720284230106,6.458888112924488,10.026305941619066,14.374973770313634,19.504891599007433,25.41605942770189,32.10847725639516,39.58214508508945,47.819773390625954
877,2.626669704485195,5.04317017283422,8.24092064118333,12.219921109532345,16.9801715778812,22.52167204623028,28.844422514578973,35.948422982926154,43.83367345127396,52.50017391962038,61.92824919952942
878,1.19239761382274,2.9479846175422924,5.4848216212618395,8.802908624981159,12.902245628700792,17.782832632420167,23.444669636139285,29.88775663985853,37.112093643577204,45.11768064729697,53.8861642895119
879,0.9834203469154482,2.6136397531851996,5.025109159454974,8.21782856572475,12.191797971994434,16.947017378263748,22.483486784533707,28.801206190803242,35.90017559707278,43.78039500334242,52.42376178330021
880,0.526873072414604,1.8248233589836655,3.9040236455527118,6.76447393212183,10.40617421869088,14.829124505259738,20.033324791828964,26.01877507839763,32.78547536496692,40.33342565153659,48.64518785003237
881,3.0809459939851895,5.665648958780475,9.031601923575558,13.178804888370978,18.107257853166406,23.816960817962162,30.307913782758114,37.580116747551926,45.633569712346635,54.468272677140824,64.06421404850292
882,3.944085059754907,6.8171751462902375,10.471515232825636,14.907105319360669,20.123945405895604,26.12203549243097,32.90137557896533,40.461965665502426,48.803805752037306,57.92689583856913,67.81064755743527
883,1.552950540283656,3.5012934926721355,6.230886445060656,9.741729397448907,14.033822349837312,19.107165302225464,24.961758254613734,31.597601207001993,39.01469415939059,47.21303711178215,56.17389119076418
884,2.987092685775742,5.538118648913054,8.87039461205022,12.983920575187469,17.87869653832475,23.554722501461793,30.011998464598136,37.250524427737055,45.27030039087439,54.07132635401339,63.63365807772402
885,1.0964618460043998,2.7959877721184148,5.276763698232281,8.538789624345988,12.582065550459657,17.406591476573233,23.012367402686774,29.399393328801064,36.567669254916005,44.51719518103148,53.22972986778909
886,1.0439536327733399,2.7117542476393384,5.160804862505307,8.39110547737133,12.402656092237283,17.195456707103286,22.769507321968447,29.124807936835143,36.26135855170135,44.179159166563835,52.86003199269652
887,0.7037464693402959,2.1429914473800435,4.363486425419743,7.365231403459409,11.148226381499246,15.712471359539315,21.05796633757926,27.18471131561902,34.0927062936594,41.78195127169871,50.23472557228312
888,1.1842806941842583,2.9352139624318534,5.467397230679329,8.780830498927028,12.875513767174796,17.75144703542244,23.408630303670417,29.847063571918792,37.06674684016761,45.06768010841585,53.83151932262797
889,1.4868158939500578,3.401629148168188,6.097692402386131,9.575005656604082,13.833568910821985,18.87338216504056,24.694445419258518,31.296758673476322,38.6803219276963,46.845135181915786,55.77252662212174
890,0.7814425455858107,2.277058033091178,4.553923520597018,7.612039008102388,11.451404495608003,16.072019983113222,21.47388547061864,27.65700095812428,34.62136644563095,42.36698193313716,50.8760140021678
891,0.4488521420672929,1.6769324972831965,3.686262852499107,6.476843207714946,10.048673562930682,14.401753918146452,19.536084273361773,25.45166462857782,32.148494983794805,39.62657533901133,47.86860734601598
892,1.181947284371985,2.93153977177943,5.462382259186813,8.774474746594588,12.867817234002365,17.74240972141019,23.39825220881759,29.835344696225782,37.053687183633286,45.053279671041444,53.815780785972954
893,0.5707373330031972,1.9057018285328364,4.021916324062547,6.919380819592372,10.598095315121988,15.058059810651558,20.299274306181513,26.321738801711067,33.12545329723976,40.71041779277015,49.059120171808814
894,0.948968951781861,2.557281919677838,4.946844887574053,8.117657855470057,12.069720823366264,16.803033791262354,22.31759675915772,28.613409727053426,35.69047269494877,43.54878566284485,52.17028981730469
895,1.4944047230727717,3.413102816809327,6.113050910545531,9.594249004281972,13.856697098018428,18.900395191754477,24.725343285490446,31.331541379231624,38.71898947296836,46.88768756670529,55.818956076757445
896,1.357356961682152,3.204302754855276,5.832498548028347,9.241944341201572,13.432640134374394,18.40458592754736,24.15778172072051,30.69222751389324,38.007923307067095,46.10486910023982,54.96452881432941
897,0.9788415770823998,2.606171862989659,5.014752148896951,8.204582434804399,12.175662720711683,16.927993006619445,22.461573292526552,28.776403578433893,35.87248386434032,43.74981415024747,52.39029758808312
898,1.1195063669476772,2.832715465731301,5.327174564515103,8.602883663298833,12.659842762082548,17.49805186086591,23.117510959649678,29.518220058433318,36.700179157217086,44.663388255999585,53.38957874908529
899,1.7544694188147765,3.8007992436244096,6.628379068434089,10.237208893243723,14.627288718053533,19.798618542863366,25.751198367673457,32.48502819248263,40.00010801729396,48.29643784210272,57.355082819764974
900,0.5654886263441875,1.8961008489503324,4.007963071556518,6.9010752941626095,10.575437516768618,15.031049739374732,20.267911961981007,26.286024184588097,33.08538640719363,40.665998629800065,49.01035744046178
901,0.7496611387753723,2.2225733138525356,4.476735488929673,7.51214766400683,11.328809839084007,15.926722014161045,21.30588418923831,27.466296364306817,34.407958539382506,42.1308707144583,50.61724487768508
902,0.7303775154901272,2.189279103248792,4.429430691007274,7.450832278766033,11.253483866524595,15.837385454283146,21.202537042041442,27.34893862979957,34.276590217558386,41.98549180531618,50.45788340239889
903,2.096549220084944,4.297107411223069,7.278915602361028,11.041973793499016,15.586281984636852,20.911840175773133,27.018648366910035,33.90670655804722,41.57601474918489,50.02657294032161,59.239137827572854
904,0.6427838497493419,2.0355813724384464,4.209628895127606,7.16492641781685,10.901473940505767,15.419271463194816,20.718318985883233,26.798616508572362,33.660164031260884,41.302961553949864,49.70938129409297
905,1.3039855123811834,3.122012825359585,5.721290138338031,9.101817451316613,13.263594764295128,18.206622077273217,23.930899390251803,30.436426703230985,37.72320401620829,45.79123132918791,54.62203040004078
906,1.5153944444695338,3.4447864247117512,6.155428404954064,9.6473203851963,13.920462365438661,18.974854345680537,24.810496325923435,31.427388306165177,38.82553028640596,47.004922266646545,55.946863275430275
907,0.7375763719371834,2.201729704656639,4.447133037376137,7.473786370095579,11.281689702815285,15.870843035534707,21.241246368254124,27.392899700974255,34.32580303369288,42.03995636641198,50.5175892049663
908,1.302604716513407,3.1198760880968988,5.7183974596804426,9.098168831264077,13.259190202847686,18.20146157443145,23.924982946015135,30.429754317598487,37.71577568918347,45.783047060766926,54.613091702104185
909,0.5415806811657573,1.8521077489540763,3.9438848167422873,6.8169118845305325,10.471188952318979,14.90671602010738,20.123493087895167,26.12152015568294,32.90079722347021,40.461324291258165,48.785638117410215
910,0.8689681847014321,2.424823972397956,4.761929760094455,7.8802855477908365,11.779891335487266,16.460747123183776,21.922852910880664,28.166208698577254,35.19081448627298,42.996670273970665,51.565822162590344
911,0.4439550017837546,1.6674543562255655,3.6722037106674055,6.458203065109345,10.025452419550938,14.373951773992522,19.503701128434244,25.414700482876395,32.10694983732019,39.58044919176048,47.81790935999253
912,1.0141066788489548,2.6635174770296546,5.094178275210313,8.306089073391151,12.299249871571847,17.07366066975248,22.629321467933114,28.966232266114236,36.08439306429636,43.98380386247854,52.64632365156084
913,2.8366633341890437,5.332587946992422,8.609762559796009,12.66818717259971,17.507861785403147,23.12878639820726,29.530961011010923,36.71438562381466,44.6790602366187,53.424984849423225,62.93232542549822
914,0.6017208793803908,1.961979250315942,4.1034876212514755,7.026245992187079,10.73025436312259,15.215512734057954,20.482021104993215,26.529779475928354,33.35878784686369,40.969046217799004,49.34299188449093
915,2.6032216764640603,5.010659476273537,8.199347276082818,12.169285075892535,16.92047287570163,22.45291067551095,28.766598475320528,35.86153627513031,43.73772407494071,52.395161874752084,61.81419261146228
916,0.9773193632797142,2.6036876639389717,5.011305964598396,8.20017426525779,12.170292565917183,16.921660866576264,22.45427916723589,28.768147467906914,35.86326576856787,43.73963406922783,52.37915744578656
917,1.2820347464817785,3.087996911745755,5.675209077009771,9.043671242273962,13.193383407538047,18.124345572802415,23.836557738065807,30.330019903329017,37.60473206859388,45.66069423385579,54.47945228729011
918,0.8843170481493512,2.450418712202325,4.797770376255378,7.9263720403085784,11.836223704361842,16.52732536841504,21.999677032467922,28.253278696521228,35.28813036057383,43.104232024627194,51.68360929785198
919,1.3003548705214767,3.116393664894855,5.713682459268203,9.092221253641467,13.252010048015139,18.193048842387967,23.915337636761247,30.41887643113491,37.70366522551036,45.76970401988318,54.5985185491676
920,1.9162943070981322,4.037297836449325,6.939551365800786,10.62305489515176,15.087808424502985,20.333811953854703,26.361065483205675,33.1695690125569,40.75932254190816,49.1303260712591,58.26349540605056
921,1.088882683376522,2.783876953474431,5.260121223572149,8.517615493669954,12.55635976376777,17.376354033865884,22.977598303963592,29.360092574060882,36.5238368441568,44.468831114254485,53.176843208313365
922,0.7303504571648451,2.189232256497287,4.429364055829641,7.450745855161998,11.25337765449462,15.83725945382677,21.202391253158762,27.348773052490422,34.276404851821674,41.98528665115588,50.45765849938868
923,1.4136601100254305,3.2905031027554865,5.948596095485514,9.387939088215388,13.608532080945436,18.61037507367628,24.393468066406033,30.95781105913564,38.303404051865854,46.43024704459763,55.319744163842934
924,2.3344603885807893,4.634953016757695,7.716695644934435,11.579688273111271,16.223930901287858,21.64942352946488,27.856166157641546,34.8441587858183,42.61340141399677,51.16389404217435,60.47619349759005
925,0.3314556097579576,1.441732880126372,3.3332601504949086,6.006037420863409,9.460064691231796,13.695341961600002,18.71186923196864,24.5096465023368,31.088673772705672,38.44895104307371,46.57341557140131
926,0.9454592200896489,2.5515183118402507,4.938827403590878,8.107386495341537,12.057195587092567,16.78825467884339,22.300563770593754,28.594122862344395,35.66893195409585,43.524991045845894,52.14424583191382
927,0.24686386112173297,1.2585563155920783,3.05149877006253,5.625691224532997,8.981133679003367,13.117826133473788,18.03576858794444,23.734961042414835,30.215403496884434,37.47709595135575,45.50317283341785
928,0.970412722716132,2.5924068303535597,4.99565093799087,8.180145045628196,12.145889153265436,16.89288326090264,22.421127368540002,28.730621476177078,35.82136558381433,43.693359691451974,52.328517623373656
929,0.4006734641951135,1.5825331245863667,3.5456427849777166,6.290002445369093,9.81561210576065,14.122471766151966,19.210581426543307,25.079941086934415,31.73055074732534,39.16241040771758,47.358314161287765
930,0.8537425515828616,2.399344926620253,4.726197301657576,7.834299676694896,11.723652051732316,16.394254426769315,21.846106801806503,28.079209176842745,35.09356155187883,42.88916392691524,51.448082909700744
931,0.5521383535250405,1.8715885132740029,3.9722886730228826,6.854238832771757,10.517438992520797,14.961889152269826,20.187589312018467,26.19453947176702,32.982739631515166,40.55218979126532,48.88540886319656
932,0.5722886561107471,1.9085356869311139,4.0260327177515185,6.924779748571807,10.604776779392084,15.066023810212604,20.30852084103278,26.33226787185293,33.137264902673216,40.72351193349265,49.07349428275035
933,0.3709210523762195,1.5228371559217435,3.456003259467324,6.170419363013058,9.666085466558574,13.943001570104604,19.001167673650137,24.840583777195885,31.4612498807411,38.863165984283526,47.029186068125476
934,0.35727082110582065,1.4950475178699454,3.4140742146341476,6.114350911398371,9.595877608162489,13.858654304926727,18.90268100169105,24.72795769845602,31.334484395220606,38.72226109198342,46.87417004785563
935,0.41473411600446897,1.6103572875904424,3.587230459176538,6.345353630762623,9.88472680234854,14.205349973934837,19.307223145520545,25.190346317107256,31.854719488693238,39.30034266028147,47.50998239802456
936,0.6243318710423313,2.0026402962872254,4.1621987215321745,7.103007146776988,10.82506557202205,15.32837399726685,20.61293242251208,26.678740847757513,33.52579927300285,41.1541076982497,49.54606731914587
937,1.24241605174176,3.0263375316217416,5.591509011501755,8.937930491381643,13.065601971261527,17.974523451141216,23.66469493102097,30.13611641090029,37.388787890780854,45.42270937066198,54.21947082008301
938,0.4366224302098648,1.65321507316127,3.6510577161127755,6.430150359064331,9.990493002015965,14.332085644967325,19.454928287918463,25.359020930870088,32.04436357382172,39.51095621677521,47.74152348694224
939,0.7164722920107461,2.1651558708554237,4.395089449700005,7.40627302854478,11.198706607389475,15.772390186234334,21.12732376507878,27.26350734392346,34.18094092276795,41.879624501612255,50.34181852579964
940,1.1311927008209353,2.851286991565374,5.352631282309871,8.635225573054631,12.699069863798938,17.544164154543413,23.170508445287705,29.578102736034154,36.76694702678106,44.737041317525595,53.470103232189594
941,0.6842344199610818,2.108840213394388,4.31469600682779,7.301801800261215,11.07015759369464,15.619763387128229,20.950619180561286,27.062724973994147,33.95608076742579,41.6306865608577,50.06885095520389
942,1.385822905675808,3.247960151672582,5.891347397669225,9.315984643666072,13.521871889662627,18.509009135659316,24.277396381655695,30.82703362765291,38.15792087365019,46.2700581196463,55.14487890364942
943,0.881916872598028,2.4464222384931458,4.792177604388432,7.919182970283753,11.82743833617913,16.516943702074023,21.987699067969295,28.23970443386469,35.27295979975993,43.087465165655956,51.665249333320524
944,0.6047175498935595,1.967387390273239,4.111307230652818,7.036477071032824,10.742896911412913,15.230566751793031,20.499486592172666,26.54965643255238,33.381076272932,40.993746113312326,49.37009842651239
945,1.0678577474705155,2.750197781997332,5.213787816524109,8.45862785105104,12.48471788557791,17.292057920105012,22.880647954631836,29.250487989158845,36.40157802368554,44.333918058214515,53.02930122517164
946,1.5858708452098744,3.5506378958648943,6.296654946519968,9.82392199717504,14.132439047829836,19.222206098484744,25.093223149139277,31.745490199794443,39.17900725045056,47.39377430110636,56.3710196301546
947,1.1553867508500872,2.889623226762265,5.4051097026745465,8.70184617858684,12.77983265449938,17.63906913041184,23.279555606324593,29.701292082236936,36.90427855814775,44.88851503406038,53.63569084951987
948,1.1087632849853444,2.8156111509125594,5.3037090168399015,8.573056882767013,12.623654748694223,17.45550261462168,23.068600480549946,29.462948346476956,36.63854621240593,44.595394078333655,53.31523606102696
949,0.46633199309486334,1.71056330704212,3.736044620989386,6.5427759349367545,10.130757248884226,14.499988562831737,19.650469876778843,25.582201190725904,32.29518250467315,39.78941381861997,48.047564482437906
950,1.9063666208303889,4.02288207072787,6.920647520625385,10.599662970522864,15.059928420420368,20.301443870318586,26.324209320216795,33.12822477011556,40.71349022001325,49.080005669909234,58.208695901402635
951,3.958481994914722,6.836098775571503,10.494965556228534,14.935082336885776,20.15644911754203,26.159065898198175,32.94293267885434,40.50804945951145,48.85441624016696,57.98203302082334,67.87030238041909
952,1.0376955956337353,2.7016624068445827,5.146879218055423,8.373346029266377,12.381062840477021,17.170029651688,22.740246462899343,29.09171327411041,36.22443008532017,44.138396896532306,52.815443586621285
953,1.5601315741117003,3.512071912071776,6.245262250031877,9.759702587992036,14.055392925951772,19.132333263912066,24.990523601872244,31.629963939833026,39.05065427779264,47.252594615753544,56.217038885534635
954,1.04786043099574,2.7180486077990613,5.169486784602419,8.402174961405711,12.41611313820925,17.21130131501264,22.787739491815895,29.145427668619185,36.28436584542271,44.20455402222712,52.887809635177234
955,0.897851508829168,2.4729143428016402,4.829227176774245,7.966790010746839,11.885602844719166,16.58566567869196,22.06697851266514,28.329541346638646,35.37335418061163,43.19841701458563,51.78673753539122
956,1.0386435534053842,2.7031918447363297,5.148990136067438,8.37603842739849,12.38433671872976,17.1738850100609,22.74468330139201,29.096731592723184,36.23002988405261,44.144578175385746,52.82220518263509
957,2.231854948658959,4.4899042061000705,7.529203463541258,11.349752720982163,15.951551978423822,21.334601235864966,27.4989004933056,34.44444975074764,42.17124900818864,50.67929826563199,59.94923923705603
958,0.8165824211989424,2.3367692978234818,4.638206174447826,7.720893051072167,11.584829927696395,16.230016804321128,21.656453680945884,27.864140557569602,34.85307743419435,42.62326431082005,51.15681862619196
959,1.6753743084166144,3.683952446458859,6.473780584501139,10.044858722543445,14.39718686058574,19.53076499862771,25.445593136670567,32.141671274715236,39.6189994127587,47.87757755080301,56.89854634506621
960,1.6608731100247391,3.6624339356907982,6.4452447613565855,10.009305587022693,14.354616412688658,19.481177238354963,25.388988064020868,32.0780488896878,39.54835971535208,47.79992054101925,56.81388605753191
961,2.4338870243242336,4.774627014653435,7.8966170049823114,11.799856995311488,16.484346985640258,21.950086975969263,28.197076966298898,35.22531695662796,43.03480694695477,51.62554693728337,60.97801326013131
962,1.2582661412677925,3.0510469263826185,5.625077711497261,8.98035849661175,13.116889281726522,18.034670066841166,23.733700851955653,30.21398163707012,37.47551242218512,45.51829320730146,54.323896243346226
963,1.7707514447541777,3.824746257041359,6.659991069328313,10.276485881615686,14.674230693903196,19.85322550619063,25.813470318478085,32.554965130766035,40.07770994305296,48.381704755339534,57.447999390502325
964,1.4191624379299186,3.298894992563138,5.959877547196477,9.40211010182948,13.625592656462896,18.630325211096327,24.4163077657297,30.983540320362703,38.33202287499523,46.46175542962822,55.354136331656136
965,0.6406262765273608,2.031740435426109,4.204104594324966,7.1577187532237305,10.89258291212217,15.40869707102082,20.706061229918856,26.78467538881779,33.64453954771668,41.28565370661674,49.69039344969846
966,3.352992748173592,6.032515117874128,9.49328748757447,13.735309857280642,18.758582226981922,24.563104596682983,31.148876966384798,38.515899336085845,46.66417170578882,55.59369407548804,65.28426521293557
967,1.3338531191358773,3.1681351070140615,5.783667094892316,9.180449082770892,13.358481070649571,18.31776305852862,24.058295046407295,30.580077034285868,37.88310902216399,45.967391010042135,54.81441224644634
968,1.395565196644019,3.2628657262563947,5.911416255868703,9.341216785480963,13.552267315093307,18.54456784470577,24.318118374318708,30.87291890393103,38.20896943354405,46.32626996315498,55.20624370420265
969,1.345566932080523,3.186174115204111,5.808031298327532,9.211138481451105,13.395495664574721,18.36110284769803,24.107960030821307,30.636067213944795,37.94542439707019,46.03603158019542,54.88936536144824
970,1.8224281472316644,3.900519881733269,6.759861616234934,10.400453350736639,14.82229508523844,20.02538681973998,26.009728554241715,32.775320288743075,40.322162023244175,48.650253757745766,57.74059712127682
971,1.2850907746753841,3.092738828626962,5.68163688257861,9.051784936530252,13.203182990482095,18.135831044434116,23.849729098386078,30.344877152338906,37.621275206289596,45.67892326024309,54.49936383058797
972,2.7913573047984626,5.270401752311075,8.530696199823009,12.572240647334764,17.39503509484655,22.999079542358597,29.38437398987117,36.55091843738485,44.49871288489785,53.22775733240664,62.718251503516136
973,1.9587869234374402,4.09887028758075,7.020203651724078,10.722787015867416,15.20662038001073,20.47170374415359,26.5180371082974,33.34562047243998,40.95445383658377,49.34453720072794,58.49674821064723
974,0.465015184025265,1.7080404568075649,3.7323157295898293,6.537841002372122,10.124616275154542,14.492641547936802,19.64191682071947,25.572442093501827,32.28421736628326,39.777242639065385,48.0341896738008
975,0.8302815585755322,2.359903896269432,4.670776233963413,7.762898571657326,11.63627090935115,16.290893247045364,21.726765584739784,27.94388792243436,34.94226026012922,42.72188259782375,51.264853503343595
976,1.5549291528593534,3.504264132728199,6.234849112597112,9.746684092465811,14.039769072334504,19.114104052203146,24.969689032071553,31.60652401194074,39.024608991810325,47.22394397168036,56.18578809408868
977,1.1260734575809064,2.8431560624329815,5.341488667285051,8.621071272137325,12.681903876989248,17.52398648184157,23.147319086693592,29.55190169154572,36.73773429639648,44.70481690124777,53.434873153390114
978,0.5208083974967416,1.8135215977790933,3.8874847980611933,6.742697998343626,10.379161198626056,14.796874398908619,19.995837599191432,25.976050799473317,32.73751399975743,40.28022720004073,48.58676278642154
979,0.6979285384947546,2.1328300063891708,4.3489814742835184,7.346382942177942,11.125034410072212,15.68493587796649,21.026087345860233,27.148488813754316,34.05214028164802,41.73704174954256,50.1854812269999
980,1.454865605252788,3.3532132283528178,6.0328108514527194,9.493658474552705,13.735756097652443,18.759103720751984,24.5637013438519,31.149548966952203,38.51664659005218,46.664994213152866,55.575952953506544
981,1.344315075879962,3.1842476022739503,5.805430128667784,9.207862655061671,13.391545181455864,18.35647770785054,24.102660234244816,30.630092760638817,37.93877528703366,46.02870781342634,54.881368287270575
982,0.319265935075545,1.4161862157868788,3.2943564964982737,5.953776777209551,9.39444705792079,13.616367338632337,18.619537619343397,24.403957900054237,30.9696281807648,38.31654846147614,46.427682714125105
983,1.1882302516435086,2.9414299351719455,5.475879618700341,8.791579302228731,12.8885289857573,17.766728669285595,23.426178352814656,29.86687803634326,37.0888277198717,45.092027403400316,53.858128500060076
984,1.1393283904116822,2.8641949764889847,5.370311562566266,8.657678148643507,12.726294734720456,17.576161320797002,23.20727790687411,29.619644492950673,36.81326107902662,44.78812766510408,53.52595233050504
985,2.0195452485292216,4.186554061455647,7.134812874381825,10.864321687308207,15.37508050023466,20.667089313160467,26.74034812608516,33.5948569390112,41.2306157519385,49.64762456486511,58.82670717267308
986,1.7530930848643906,3.79877335436481,6.625703623864934,10.233883893365173,14.623314162865476,19.793994432365686,25.745924701865764,32.479104971366276,39.99353524086751,48.28921551036685,57.3472122318289
987,1.0817805244980339,2.7725140082515547,5.24449749200506,8.497730975758635,12.532214459512288,17.347947943265385,22.94493142701829,29.323164910770583,36.482648394525256,44.423381878280246,53.12714170756584
988,0.8042397299641589,2.3158574052606924,4.6087250805573845,7.682842755853858,11.538210431150542,16.174828106446924,21.59269578174377,27.791813457040007,34.77218113233696,42.53379880763245,51.05880106007756
989,1.513496747889457,3.441924943547862,6.151603139206391,9.642531334864605,13.91470953052286,18.968137726181403,24.802815921839322,31.418744117497425,38.81592231315877,46.99435050881453,55.9353296605831
990,0.8589238134093424,2.408025597143895,4.7383773808784095,7.8499791646132095,11.742830948347805,16.416932732082262,21.872284515816688,28.108886299552168,35.1267380832878,42.92583986702242,51.48825125969067
991,0.6968598770160248,2.130961545579816,4.346313214143722,7.342914882707677,11.120766551271576,15.679868219835246,21.02021988839905,27.14182155696284,34.04467322552685,41.728774894090165,50.17641617181676
992,0.8573594943367803,2.405405856633689,4.734702218930589,7.845248581227616,11.737044943524566,16.41009130582149,21.86438766811878,28.09993403041705,35.11673039271382,42.914776755006464,51.47613483708059
993,1.0451413261426448,2.7136682480824845,5.163445170022367,8.394472091962285,12.406749013902422,17.20027593584219,22.775052857782324,29.131079779722537,36.26835670166214,44.186883623602064,52.86848130419606
994,1.1439511345828615,2.8715217758807476,5.380342417178788,8.670413058476816,12.741733699774905,17.59430434107292,23.228124982371053,29.64319562366892,36.83951626496824,44.817086906266205,53.55761021878265
995,1.3628867047729554,3.212795938980724,5.843955173188661,9.256364407396553,13.45002364160466,18.424932875812562,24.181092110020348,30.71850134422841,38.037160578436804,46.13706981264432,54.99968704088599
996,1.749320959205458,3.793219680873568,6.618368402541587,10.224767124209631,14.612415845877653,19.781314567546353,25.731463289214275,32.4628620108815,39.97551073254966,48.26940945421835,57.325628190939824
997,2.215358624300651,4.4664937292099305,7.4988788341194645,11.31251393903012,15.90739904393961,21.283534148848954,27.440919253758366,34.37955435867,42.09943946358113,50.60057456849031,59.863615215688355
998,0.25690703416790645,1.2811070028076803,3.08655697144757,5.673256940087532,9.041206908727466,13.190406877367387,18.12085684600735,23.832556814647173,30.325506783287164,37.599706751921815,45.638266133123935
999,1.2532207345403072,3.0431875075605452,5.614404280580711,8.966871053600642,13.100587826620565,18.01555459964037,23.71177137266009,30.18923814568032,37.4479549187003,45.48792169172107,54.29071634369258
1000,1.464321427447551,3.3675607968051255,6.052050166162787,9.517789535520112,13.764778904877097,18.79301827423451,24.60250764359163,31.193247012936514,38.565236382293726,46.7184757516504,55.63431645476614
1001,1.2747150267621303,3.0766310064382494,5.659796986114668,9.024212965790989,13.169878945467312,18.096794925143286,23.80496090482002,30.294376884496486,37.56504286417262,45.6169588438481,54.431678804062855
1002,1.8293610364609818,3.9106594583464487,6.7732078802319835,10.41700630211758,14.842054724003019,20.04835314588832,26.035901567773717,32.804699989659085,40.35474841154592,48.68604683343233,57.77959047097233
1003,0.6454100443170232,2.040252746932049,4.216345449547072,7.173688152162155,10.912280854777096,15.432123557391597,20.733216260006373,26.815558962621463,33.67915166523543,41.3239943678523,49.73245519756365
1004,0.6453952858411288,2.040226506757258,4.216307727673248,7.173638948589199,10.912220169505185,15.432051390421172,20.733132611337698,26.815463832253897,33.6790450531708,41.32387627408654,49.732325645060804
1005,1.463556022543722,3.3664000163486003,6.050494010153579,9.515838003958422,13.762431997763121,18.79027599156812,24.59936998537343,31.189713979178553,38.56130797298097,46.714151966785664,55.62959808510044
1006,0.6800993717012216,2.101576091534275,4.3043028113674096,7.28827953120064,11.05350625103342,15.599982970866108,20.927709690698627,27.03668641053055,33.92691313036301,41.59838985019425,50.033431429086626
1007,0.7679334302834914,2.253956068046799,4.52122870581018,7.569751343573539,11.399523981337028,16.010546619100456,21.402819256863882,27.57634189462743,34.53111453238922,42.267137170153774,50.766595575141366
1008,0.7499560964343684,2.2230811660318457,4.477456235629386,7.513081305226871,11.329956374824295,15.928081444422094,21.307456514019794,27.4680815836171,34.40995665321481,42.13308172281103,50.61966835477106
1009,1.5387283242583925,3.479921931787167,6.202365539315941,9.706059146844776,13.991002754373671,19.05719636190205,24.904639969431166,31.533333576960523,38.94327718448905,47.134470792018654,56.08818982483666
1010,3.1690993393353155,5.784969880328846,9.182090421322352,13.36046096231608,18.32008150330933,24.06095204430303,30.5830725852962,37.88644312629046,45.97106366728486,54.836934208275856,64.46398082066882
1011,1.1817230286433882,2.9311865886847834,5.461900148726305,8.773863708767813,12.867077268809767,17.741540828851267,23.397254388893636,29.834217948934935,37.05243150897634,45.05189506901809,53.81426751443707
1012,0.7997724194954158,2.3082723702220034,4.598022320948558,7.669022271675277,11.521272222402134,16.15477217312879,21.569522123855364,27.765522074581863,34.7427720253069,42.50127197603327,51.023162739358646
1013,1.298027039233234,3.1127894092933692,5.708801779353526,9.086064149413366,13.244576519473322,18.18433888953349,23.90535125959396,30.407613629654175,37.69112599971324,45.75588836977309,54.58342902759088
1014,0.9519731755358131,2.562212084432579,4.953700993329628,8.126439902226418,12.080428811123147,16.815667720019814,22.332156628916533,28.629895537813532,35.70888444671042,43.569123355607935,52.192549599188254
1015,0.9111037842961369,2.49487574211942,4.859897699942527,8.006169657765724,11.93369161558889,16.64246357341207,22.132485531235343,28.403757489069033,35.45627944689251,43.29005140471995,51.88706363112657
1016,1.0185949273115626,2.670788226661205,5.104231526010973,8.318924825360819,12.314868124710562,17.092061424060464,22.650504723410425,28.99019802276043,36.11114132210946,44.013334621459194,52.67863134670988
1017,1.2156372560906619,2.9844615205806937,5.534535785070703,8.865860049565988,12.97843431405753,17.872258578548767,23.54733284303999,30.003657107531534,37.24123137202281,45.26005563651453,54.04175006497981
1018,0.8672736859638117,2.421992812020012,4.75796193807605,7.875181064132175,11.773650190188265,16.453369316244434,21.91433844230065,28.156557568356703,35.180026694412895,42.98474582047021,51.55276332077422
1019,0.950330764756013,2.559517137822961,4.94995351088985,8.121639883956865,12.074576257024164,16.808762630091245,22.324199003158302,28.620885376225758,35.69882174929246,43.55800812235895,52.18038393517968
1020,2.042750206515238,4.2199353643824935,7.178370522250118,10.918055680117956,15.438990837985873,20.741175995853478,26.82461115372121,33.68929631158948,41.335231469457156,49.762416627323454,58.95165522737133
1021,0.77167934855383,2.2603703675686937,4.530311386583524,7.581502405598422,11.41394342461337,16.027634443628497,21.422575462643312,27.598766481658867,34.556207500672954,42.29489851968929,50.797019969166435
1022,0.9072427130193624,2.488483830453033,4.850974947886508,7.994716065320188,11.919707182753767,16.625948300187535,22.113439417621386,28.382180535057245,35.4321716524901,43.26341276992373,51.85789921762263
1023,1.0749402224273898,2.7615567723778645,5.229423322328301,8.478539872278395,12.508906422228625,17.320522972179088,22.913389522130235,29.28750607207969,36.4428726220297,44.37948917197866,53.07914030132822
1024,0.6161017511526502,1.9878786181823171,4.140905485212049,7.075182352241809,10.790709219271003,15.287486086300827,20.565512953330174,26.6247898203598,33.465316687389354,41.087093554419745,49.47253468021671
1025,1.0629532020005188,2.7423234747852376,5.202943747570033,8.444814020355016,12.467934293139848,17.272304565924767,22.857924838710005,29.224795111495183,36.372915384280844,44.302285657066875,52.99470500180609
1026,0.9112399351509592,2.4951010386415606,4.8602121421322835,8.006573245623219,11.934184349114142,16.643045452604422,22.13315655609397,28.40451765958426,35.45712876307449,43.29098986656495,51.888091060347016
1027,0.9246790202799144,2.5173069192727477,4.8911848182656685,8.046312717258454,11.98269061625124,16.70031851524417,22.199196414237047,28.47932431323039,35.54070221222352,43.383330111216786,51.9891805669131
1028,3.1695456734210636,5.785572910034058,9.182850146647134,13.361377383259967,18.321154619873028,24.062181856487065,30.584459093099507,37.887986329713165,45.97276356632477,54.838790802944736,64.46599379759223
1029,1.0813584185071252,2.7718382292138264,5.243568039920356,8.496547850621194,12.530777661326532,17.34625747203224,22.942987282736958,29.32096709344228,36.48019690414835,44.42067671485327,53.124183378436314
1030,1.3534823807765606,3.198348151750643,5.824463922724716,9.231829693698792,13.420445464672785,18.39031123564719,24.141427006621566,30.67379277759521,37.98740854856996,46.08227431954415,54.93985817147846
1031,1.1927655513407203,2.9485631316286507,5.485610711916638,8.803908292204504,12.903455872492028,17.784253452780074,23.446301033068575,29.88959861335701,37.11414619364536,45.119943773934175,53.88863757156176
1032,0.920528700896029,2.510456037736109,4.881633374576113,8.034060711416068,11.967738048256006,16.68266538509607,22.178842721936174,28.456270058776237,35.514947395616865,43.354874732457645,51.9580300271232
1033,1.6708392667531045,3.6772261162535274,6.4648629657540155,10.033749815254613,14.38388666475539,19.515273514256,25.427910363756407,32.12179721325797,39.596934062757754,47.853320912261005,56.87210280056138
1034,1.817887605371355,3.893875884724683,6.751114164077975,10.38960244343132,14.809340722784636,20.010329002138086,25.992567281491116,32.75605556084518,40.300793840198786,48.62678211955139,57.715026234840806
1035,0.8410458106606714,2.3780276831734355,4.69625955568601,7.795741428198477,11.676473300711406,16.338455173224247,21.781687045737037,28.006168918249134,35.011900790761125,42.7988826632704,51.349198384537786
1036,0.5233981736847836,1.8183514583149167,3.894554742945085,6.752008027575384,10.390711312205603,14.810664596836052,20.011867881466337,25.994321166097514,32.75802445072736,40.30297773535695,48.61174892591867
1037,1.5171692225992974,3.4474620147907795,6.159004806981672,9.65179759917321,13.925840391364579,18.981133183555727,24.817675975746813,31.435468767938588,38.83451156012917,47.01480435231937,55.95764437142648
1038,0.5862541664254031,1.9339696193291103,4.0629350722328255,6.973150525136695,10.664615978040466,15.137331430944284,20.391296883848412,26.426512336752243,33.24297778965592,40.840693242559645,49.20212107705793
1039,1.1686035632838465,2.910503171803764,5.433652780323794,8.738052388843895,12.823701997363782,17.690601605883703,23.338751214403896,29.768150822924603,36.97880043144378,44.97070003996552,53.725523661770154
1040,0.95322657319374,2.5642681088959685,4.956559644598266,8.130101180300478,12.084892716002559,16.820934251704138,22.33822578740633,28.63676732310877,35.716558858811474,43.577600394512835,52.20182765964451
1041,1.25221323515377,3.041617409979999,5.6122715848062,8.964175759632315,13.097329934458823,18.011734109284376,23.70738828411085,30.184292458937815,37.442446633764455,45.48185080859078,54.2840839875649
1042,0.770884280607175,2.259009480355736,4.528384680104482,7.579009879853239,11.410885079602146,16.024010279351064,21.418385479099996,27.594010678848672,34.55088587859797,42.289011078347144,50.790567840196196
1043,1.2365053641608774,3.0171086487039442,5.578961933246788,8.9220652177898,13.046418502332896,17.952021786876458,23.63887507141941,30.10697835596327,37.35633164050627,45.386934925048116,54.18038481551864
1044,2.479194507788214,4.838001770288132,7.978059032788026,11.89936629528807,16.601923557787963,22.085730820287747,28.350788082787684,35.39709534529065,43.224652607790595,51.833459870291804,61.20395733076988
1045,0.5374347437272649,1.8444340051912864,3.9326832666553693,6.80218252811931,10.45293178958329,14.884931051047568,20.09818031251179,26.092679573975648,32.868428835439225,40.4254280969017,48.7462211723434
1046,1.4316520867975369,3.317922895677744,5.9854437045581665,9.434214513438182,13.664235322318499,18.675506131198524,24.468026940078822,31.04179774895988,38.396818557842444,46.533089366722756,55.431995446489424
1047,0.6192453361334812,1.9935221229505489,4.149048909767644,7.085825696584805,10.803852483402036,15.303129270219376,20.58365605703626,26.645432843853595,33.48845963066847,41.11273641748373,49.500672463229506
1048,0.649826251907544,2.0480987689517316,4.227621285995887,7.188393803040206,10.930416320084195,15.453688837128398,20.758211354173046,26.843983871217667,33.711006388261985,41.359278905306766,49.771162689816016
1049,1.0888130612845581,2.783765630669279,5.259968200054266,8.517420769439138,12.556123338824067,17.37607590820846,22.977278477593646,29.35973104697859,36.52343361636332,44.468386185749075,53.17635666249423
1050,0.9321832922642583,2.529678788284007,4.908424284303779,8.06841978032344,12.009665276342787,16.732160772362732,22.2359062683828,28.52090176440223,35.58714726042282,43.434642756441335,52.0453510739691
1051,1.977258362872156,4.125571103054592,7.055133843236781,10.76594658341936,15.258009323602074,20.53132206378465,26.58588480396658,33.42169754414834,41.038760284330415,49.43707302451297,58.59749695170902
1052,0.7108293334577779,2.155338024159746,4.381096714861689,7.388105405563832,11.17636409626587,15.745872786967551,21.09663147766877,27.22864016837044,34.14189885907335,41.83640754977447,50.29443503559538
1053,1.2248895892816405,2.998948716102476,5.554257842923453,8.890816969744145,13.008626096565209,17.907685223386114,23.587994350207474,30.04955347702842,37.292362603850215,45.31642173067048,54.10334055173683
1054,0.4256054506119929,1.6317109939610432,3.6190665373103985,6.3876720806596925,9.937527624009261,14.268633167358622,19.380988710707634,25.274594254057288,31.949449797406825,39.40555534075629,47.62565648551992
1055,1.0183312236377986,2.6703612089355095,5.103641194233226,8.318171179530998,12.313951164828929,17.090981150126744,22.649261135425736,28.988791120724095,36.1095711060218,44.01160109131891,52.67673482914463
1056,0.668593509866238,2.0813131039060186,4.275282697946082,7.250502291985807,11.006971886025655,15.544691480065687,20.863661074105565,26.963880668144892,33.84535026218537,41.508069856224175,49.93437182357583
1057,0.9440616440699063,2.5492220774184404,4.9356325107670775,8.103292944115879,12.05220337746462,16.782363810813564,22.293774244162254,28.586434677511136,35.660345110859176,43.51550554420829,52.1338634691923
1058,0.7788116750383711,2.2725655171267376,4.547569359214956,7.603823201303223,11.441327043391768,16.060080885480193,21.46008472756881,27.641338569657442,34.603842411746626,42.34759625383375,50.85477040073815
1059,0.869542486381306,2.425783261399239,4.7632740364171795,7.882014811435166,11.78200558645294,16.463246361470848,21.92573713648954,28.16947791150675,35.19446868652597,43.000709461545746,51.5702455675106
1060,0.6508205406938394,2.049863655780123,4.2301567708663805,7.191699885952567,10.93449300103897,15.458536116125078,20.763829231211464,26.850372346297416,33.718165461383684,41.3672085764683,49.77986141782302
1061,2.0787271785381174,4.271576142551992,7.245675106565699,11.001024070579822,15.537623034594034,20.855471998608362,26.954570962621887,33.83491992663658,41.49651889065025,49.93936785466477,59.14423893325256
1062,2.299635987051807,4.585829827734798,7.653273668417669,11.501967509100428,16.13191134978322,21.54310519046587,27.735549031149134,34.70924287183258,42.464186712513246,51.00038055319565,60.29840981869673
1063,2.1189556883327434,4.329159832810999,7.320613977289134,11.093318121767055,15.64727226624503,20.982476410723216,27.09893055519906,33.996634699674104,41.675588844151434,50.135792988628396,59.35798453730923
1064,1.3734848260338137,3.229056937938423,5.865879049843088,9.283951161747705,13.483273273652456,18.463845385556734,24.225667497460805,30.768739609365333,38.093061721269635,46.19863383317066,55.066902613347175
1065,1.2916582324934383,3.1029225210782982,5.695436809663063,9.06920109824778,13.224215386832315,18.160479675416823,23.87799396400213,30.37675825258687,37.656772541172046,45.71803682975616,54.54208640226293
1066,0.9469340790990439,2.553940803144628,4.942197527190118,8.111704251235935,12.062460975281347,16.79446769932688,22.3077244233725,28.602231147417864,35.67798787146423,43.53499459550909,52.15519511860757
1067,0.4043510949544434,1.589833683372782,3.5565662717910307,6.3045488602094535,9.833781448627844,14.144264037046286,19.235996625465074,25.108979213883764,31.763211802302436,39.19869439071988,47.398213826462026
1068,1.233273532861223,3.0120591486025425,5.5720947643437615,8.91338038008567,13.035915995826938,17.939701611568594,23.62473722731012,30.091022843052297,37.338558458791496,45.36734407453505,54.158979931550526
1069,1.0526101952729154,2.725695108920805,5.180030022568827,8.415614936217088,12.43244984986515,17.230534763513432,22.80986967716131,29.170454590809122,36.31228950445788,44.2353744181067,52.921520974426784
1070,2.016619714520797,4.182341417221341,7.129313119921994,10.857534822622371,15.367006525323015,20.65772822802284,26.72969993072356,33.58292163342476,41.217393336123166,49.63311503882341,58.81091311061605
1071,0.4497241396052776,1.67861757401823,3.6887610084311424,6.480154442844044,10.052797877256923,14.406691311669915,19.541834746082685,25.45822818049556,32.15587161490849,39.634765049319185,47.877608509363
1072,0.6790315329430278,2.0996986535493622,4.301615774155702,7.2847828947629,11.049200015369665,15.594867135976354,20.921784256582264,27.02995137718888,33.919368497795965,41.59003561840349,50.02426921726813
1073,0.7171168288515587,2.166276214254469,4.396685599657481,7.408344985060465,11.201254370463566,15.775413755866866,21.130823141270007,27.267482526672993,34.18539191207578,41.884551297477856,50.34722017660949
1074,1.6193958793257492,3.600714458066279,6.363283036806657,9.90710161554718,14.232170194287363,19.338488773027407,25.226057351767302,31.894875930508306,39.344944509250034,47.57626308798807,56.57002684206882
1075,1.3140267594940183,3.1375393376763814,5.74230191585868,9.128314494041007,13.29557707222326,18.244089650405353,23.973852228587656,30.484864806770418,37.77712738495245,45.85063996313628,54.68691332866241
1076,0.8270724625277867,2.354491517182808,4.663160571837821,7.753079626493025,11.624248681148163,16.27666773580327,21.710336790458683,27.925255845114137,34.921424899769015,42.69884395442518,51.2396159834718
1077,1.078919087448558,2.7679319625221868,5.238194837595699,8.48970771266928,12.522470587742722,17.336483462816858,22.931746337890658,29.308259212964845,36.46602208803927,44.40503496311476,53.10707762493642
1078,0.665268149198397,2.0754427964064313,4.266867443614604,7.239542090822706,10.99346673803082,15.528641385239082,20.84506603244751,26.942740679655742,33.82166532686428,41.48183997407005,49.90560208448492
1079,2.772743462433404,5.244813071365302,8.49813268029741,12.532702289229153,17.348521898160953,22.94559150709293,29.323911116025897,36.48348072495895,44.42430033389056,53.14636994282263,62.629903225033345
1080,5.8852877329852165,9.308364230171213,13.512690727357402,18.49826722454382,24.26509372173051,30.81317021891733,38.14249671610336,46.253073213289504,55.144899710480644,64.81797620766618,75.25061436435287
1081,1.8914180631873392,4.001153508658892,6.892138954130711,10.564374399602663,15.017859845074533,20.25259529054722,26.26858073601899,33.065816181489375,40.64430162696176,49.00403707243384,58.12596085951619
1082,0.6962527457314274,2.129899756623452,4.344796767515476,7.340943778407361,11.118340789298939,15.67698780019119,21.01688481108218,27.1380318219745,34.04042883286637,41.72407584376028,50.171263373129044
1083,0.5505413247861132,1.8686472248473895,3.968003124908661,6.848609024969725,10.510464925030846,14.953570825092038,20.17792672515372,26.183532625214276,32.97038852527652,40.53849442533726,48.87037192609801
1084,1.0338114752037968,2.6953929772155405,5.138224479227167,8.362305981239075,12.367637483250833,17.15421898526279,22.722050487274476,29.071131989286616,36.2014634912969,44.11304499330878,52.78771114481506
1085,1.1679733340887026,2.9095085215228527,5.432293708956985,8.73632889639132,12.821614083825612,17.688149271260272,23.335934458693327,29.764969646128133,36.97525483356257,44.966790020994495,53.72124995055172
1086,1.0961020178511125,2.7954131539785645,5.275974290106022,8.537785426233516,12.580846562360916,17.405157698488466,23.01071883461619,29.397529970743392,36.56559110687174,44.51490224299879,53.22722256935164
1087,0.5407145810977949,1.8505057972770216,3.9415470134562782,6.813838229635925,10.467379445815206,14.902170661994043,20.11821187817359,26.115503094352665,32.89404431053176,40.453835526710805,48.77741497295678
1088,1.0793790395380316,2.7686686418421944,5.239208244146549,8.490997846450743,12.524037448755063,17.338327051058624,22.93386665336368,29.310656255667837,36.46869585797319,44.40798546027883,53.11030429587898
1089,3.3574204169334667,6.038453546821812,9.500736676710089,13.744269806598663,18.769052936487622,24.575086066376095,31.162369196265768,38.53090232615329,46.6806854560396,55.61171858592441,65.3037974620544
1090,3.416905569102133,6.118139785677326,9.600624002252951,13.864358218827986,18.909342435403225,24.73557665197941,31.343060868556055,38.7317950851308,46.9017793017037,55.85301351827628,65.56525307892386
1091,0.7356516825368887,2.198403425960318,4.4424051693838225,7.467656912807423,11.27415865623076,15.861910399654406,21.230912143079347,27.381163886503252,34.31266562992521,42.02541737335,50.50165142578732
1092,0.5624725404121351,1.8905746571429582,3.9999267738738116,6.8905288906045365,10.56238100733543,15.015483124066373,20.249835240797122,26.26543735752826,33.062289474258975,40.64039159099096,48.98224531598816
1093,1.019826277876705,2.672781884010483,5.106987490144388,8.322443096278242,12.31914870241229,17.09710430854617,22.6563099146803,28.99676552081429,36.11847112694933,44.02142673308227,52.687484240502016
1094,1.038244722389126,2.702548401936262,5.148102081483471,8.374905761030522,12.382959440577665,17.17226312012482,22.742816799672358,29.094620479222645,36.22767415877088,44.14197783831839,52.81936072300485
1095,1.0118456072993762,2.65985231601202,5.0891090247247694,8.299615733437586,12.29137244215013,17.06437915086308,22.61863585957514,28.954142568287452,36.070899277000514,43.96890598571317,52.630024493509296
1096,1.037021558497306,2.700574751740165,5.145377944982763,8.371431138225248,12.378734331467834,17.167287524710357,22.737090717953603,29.088143911198852,36.22044710444129,44.134000297683826,52.81063419704024
1097,0.6263851547044427,2.006316378391307,4.16749760207827,7.109928825765036,10.833610049451503,15.338541273138361,20.624722496825054,26.69215372051154,33.540834944197954,41.17076616788321,49.5643453416213
1098,1.0822326408842453,2.7732377781449777,5.24549291540557,8.498998052666094,12.533753189926662,17.349758327187093,22.94701346444681,29.32551860170738,36.48527373896672,44.426278876228885,53.13030981571282
1099,0.39069976395963185,1.5626495243419636,3.5158492847244234,6.2502990451070835,9.76599880548968,14.062948565872183,19.141148326254648,25.00059808663665,31.641297847019764,39.06324760740118,47.24926128076271
1100,3.213590382620755,5.845026613591536,9.257712844562459,13.451649075533282,18.426835306503982,24.18327153747438,30.720957768445334,38.039893999417245,46.14008023038726,55.02151646135663,64.66409763237202
1101,0.4978164698207114,1.7703928483528006,3.824219226884895,6.659295605417079,10.275621983949327,14.673198362481646,19.852024741013633,25.812101119546305,32.55342749807999,40.076003876613264,48.36244291488832
1102,0.7517677934007815,2.226199592229938,4.481881391059276,7.5188131898885455,11.336994988717745,15.936426787546946,21.317108586376218,27.47904038520708,34.42222218403811,42.146653982867136,50.634544730596836
1103,0.9181114624787002,2.5064631258384664,4.8760647891982325,8.026916452557868,11.959018115917434,16.67236977927674,22.166971442636058,28.442823105995693,35.49992476935553,43.33827643271613,51.939859205247515
1104,1.8605869449333825,3.9562536164060584,6.8331702878785885,10.49133695935122,14.930753630824015,20.151420302296973,26.153336973769825,32.936503645242915,40.50092031671577,48.84658698818618,57.95447013881916
1105,0.7289760387862776,2.18685220913156,4.425978379476873,7.446354549822163,11.247980720167218,15.830856890512633,21.194983060857698,27.340359231203,34.266985401548524,41.97486157189561,50.44622980240173
1106,0.5340451138802331,1.8381499934821406,3.923504873084203,6.790109752686293,10.437964632288013,14.86706951189011,20.077424391491732,26.06902927109321,32.84188415069539,40.39598903029781,48.71389351263922
1107,1.8887167943899004,3.9972242092351746,6.8869816240803186,10.557989038925525,15.010246453770776,20.243753868615435,26.258511283460194,33.0545186983049,40.6317761131503,48.99028352799567,58.11098174051016
1108,0.6428479678161391,2.0356954729080856,4.20979297800007,7.165140483091984,10.901737988184214,15.419585493275811,20.71868299836758,26.799030503458813,33.660628008555165,41.30347551364853,49.70994513623008
1109,1.1553231029630031,2.8895225699649227,5.4049720369670275,8.701671503968969,12.779620970971093,17.63882043797223,23.279269904974115,29.700969371979603,36.9039188389817,44.88811830598426,53.63525718655265
1110,1.8474389919193523,3.9370705913397055,6.807952190760107,10.460083790180208,14.893465389600605,20.108096989020826,26.10397858844094,32.88111018786194,40.43949178728243,48.77912338670236,57.88098353542678
1111,1.720919906494744,3.751342867798971,6.5630158291032785,10.155938790407607,14.530111751711818,19.68553471301626,25.6222076743208,32.34013063563127,39.83930359693612,48.11972655824124,57.16249648612465
1112,2.561786897506451,4.953109782584152,8.125682667661913,12.079505552739251,16.81457843781715,22.330901322895652,28.628474207973,35.70729709305115,43.56736997812855,52.20869286320661,61.61164091501356
1113,1.0457774163439673,2.7146931551969944,5.164858894049845,8.396274632902788,12.408940371756028,17.20285611060929,22.778021849462434,29.13443758831552,36.272103327170235,44.191019066023145,52.87300478589838
1114,1.336196722591905,3.171746419262869,5.788546115933739,9.186595812604514,13.365895509275415,18.32644520594615,24.068244902617316,30.591294599287778,37.89559429595998,45.98114399263103,54.82943040240883
1115,1.076733276226567,2.7644302650167436,5.233377253806835,8.483574242597108,12.51502123138736,17.327718220177843,22.921665208967877,29.29686219775904,36.45330918654921,44.391006175341836,53.091735582651516
1116,2.2323207944310686,4.4905649315408445,7.530059068650542,11.350803205760622,15.952797342869959,21.33604147997981,27.500535617089636,34.446279754200205,42.173273891311396,50.68151802841927,59.951653489750036
1117,1.3220533430876589,3.1499355742658373,5.759067805444114,9.149450036622309,13.321082267800575,18.273964498978536,24.00809673015647,30.523478961334995,37.820111192512975,45.897993423691624,54.73862770290641
1118,1.3803107074867087,3.2395185211025725,5.879976334718413,9.301684148334267,13.504641961949796,18.488849775565892,24.254307589181344,30.801015402797535,38.128973216413485,46.23818103002748,55.1100782405158
1119,2.571103856731485,4.9660616075847805,8.142269358437897,12.099727109290987,16.838434860144435,22.358392610997683,28.659600361850522,35.74205811270564,43.6057658635586,52.25072361441319,61.6572992622566
1120,0.6780017260598661,2.0978874787207644,4.299023231381738,7.281408984042609,11.045044736703417,15.589930489364384,20.916066242025455,27.023451994686422,33.91208774734727,41.581973500008225,50.01542729366392
1121,0.7809515944325636,2.2762199152835816,4.552738236134514,7.610506556985419,11.449524877836252,16.069793198687584,21.471311519539196,27.654079840390512,34.618098161240674,42.363366482090925,50.87205207879951
1122,0.674271086764005,2.0913212292213395,4.2896213716786775,7.269171514136182,11.029971656593784,15.572021799051365,20.89532194150855,26.999872083966057,33.885672226423075,41.552722368879785,49.983346223552694
1123,0.9418575928956012,2.5455994417191303,4.930591290542659,8.096833139366103,12.04432498818944,16.77306683701237,22.28305868583601,28.574300534659354,35.64679238348199,43.500534232306705,52.11747640993386
1124,1.5820229990252443,3.544879195757252,6.2889853924890895,9.81434158922077,14.120947785952568,19.208803982684323,25.077910179415642,31.7282663761483,39.159872572880815,47.37272876961283,56.348067066449914
1125,0.7984074766200042,2.3059531014713754,4.594748726322765,7.664794351174184,11.516089976025404,16.148635600876926,21.562431225728872,27.757476850580108,34.73377247543172,42.49131810028421,51.01225644638596
1126,0.7888957443000981,2.2897682844769385,4.571890824653818,7.635263364830693,11.47988590500797,16.10575844518518,21.512880985362038,27.7012535255389,34.67087606571542,42.42174860589418,50.936027213488494
1127,0.6318179688062101,2.0160301951026387,4.181492421399202,7.128204647695557,10.856166873992164,15.365379100288935,20.65584132658534,26.72755355288244,33.58051577917734,41.21472800547408,49.6125796198184
1128,0.9206729928521602,2.510694320731815,4.881965648611553,8.034486976491237,11.968258304371224,16.683279632250866,22.179550960130076,28.4570722880096,35.515843615889686,43.355864943769745,51.95911404149286
1129,1.0219926374292807,2.6762882812217437,5.11183392501436,8.328629568806988,12.326675212599367,17.10597085639211,22.66651650018487,29.008312143977648,36.13135778776982,44.03565343156256,52.703048296565235
1130,1.0209385787794267,2.674582394689348,5.109476210599348,8.325620026509382,12.323013842419149,17.101657658329007,22.66155147423951,29.002695290149045,36.12508910605939,44.02873292196972,52.69547726274713
1131,1.118068813931808,2.830428477836899,5.324038141741974,8.598897805647091,12.65500746955218,17.49236713345722,23.110976797362333,29.510836461267992,36.691946125173516,44.65430578907814,53.37964854615654
1132,0.9846520348098381,2.615647465121054,5.027892895432225,8.221388325743295,12.196133756054317,16.952129186365383,22.489374616676653,28.807870046988153,35.90761547729806,43.78861090760962,52.4327521595597
1133,0.33846715499335056,1.456316281158604,3.355415407323894,6.035764533489204,9.49736365965439,13.740212785819871,18.764311911984812,24.569661038150503,31.15626016431588,38.524109290481114,46.65613053089452
1134,1.4283489202416182,3.312893324987857,5.978687729734235,9.4257321344806,13.654026539226757,18.6635709439729,24.454365348718802,31.026409753464684,38.379704158210494,46.51424856295755,55.41143169139169
1135,0.7266330331283779,2.182792694349265,4.420202355570143,7.438862016791111,11.23877167801219,15.819931339232975,21.182341000453984,27.32600066167437,34.25091032289436,41.95706998411271,50.42672513851043
1136,1.3225136836466729,3.1506461203919387,5.7600285571369785,9.15066099388214,13.322543430627306,18.27567586737226,24.010058304117187,30.525690740862355,37.82257317760658,45.90070561435013,54.74158959872158
1137,0.7052696889911866,2.145648893101993,4.367278097212815,7.370157301324588,11.154286505435667,15.71966570954645,21.06629491365704,27.19417411776851,34.10330332187913,41.79368252598931,50.24758878419242
1138,1.0608403661990924,2.738929180131665,5.198267994064325,8.43885680799702,12.46069562192938,17.263784435861744,22.848123249793858,29.213712063726557,36.360550877658916,44.28863969159145,52.97978014039582
1139,1.0013811225592175,2.64286902631757,5.065606930076018,8.269594833834393,12.254832737592444,17.02132064135142,22.56905854511068,28.898046448869145,36.00828435262732,43.89977225638516,52.55438499683838
1140,0.9738173410947458,2.5979696393173723,5.003371937540122,8.190024235762845,12.15792653398599,16.907078832208676,22.437481130431536,28.749133428653817,35.84203572687636,43.71618802509785,52.35349983122206
1141,0.9855029405389522,2.6170341999284603,5.029815459318104,8.223846718707641,12.19912797809696,16.955659237486405,22.49344049687619,28.812471756266184,35.91275301565532,43.79428427504357,52.43896028441221
1142,0.9324410712304753,2.5301034251666263,4.909015779102603,8.069178133038562,12.010590486974658,16.73325284091054,22.23716519484654,28.522327548781977,35.58873990271727,43.43640225665128,52.047277098379986
1143,1.6102741991548488,3.587106447965837,6.345188696776536,9.884520945587148,14.20510319439799,19.306935443208847,25.19001769201955,31.85434994082951,39.29993218964125,47.52676443845229,56.51605083526609
1144,0.986498475615301,2.6186563459609307,5.032064216306585,8.226722086652284,12.202629956997924,16.959787827343877,22.498195697689802,28.81785356803546,35.9187614383804,43.8009193087268,52.44622067583146
1145,0.9852814646334048,2.616673279344936,5.029315094056576,8.223206908768224,12.198348723479983,16.954740538191615,22.492382352903515,28.811274167615164,35.91141598232505,43.79280779703523,52.437344640616246
1146,0.7788701187038893,2.2726653505697407,4.547710582435565,7.604005814301279,11.441551046166921,16.060346278032377,21.460391509898447,27.641686741764,34.60423197362975,42.34802720549646,50.85524265939796
1147,0.73574117491832,2.19855812872602,4.442625082533413,7.467942036340802,11.274508990148716,15.862325943956094,21.2313928977643,27.381709851571266,34.31327680537797,42.026093759183816,50.50239289158431
1148,0.6838424904725886,2.108152109378447,4.31371172828455,7.300521347190793,11.068580966096672,15.6178905850028,20.948450203908955,27.060259822815024,33.953319441721334,41.62762906062632,50.065497872793905
1149,0.7836337000072997,2.2807972923126907,4.559210884618102,7.618874476923641,11.459788069228816,16.08195166153386,21.485365253838705,27.670028846144586,34.63594243844871,42.38310603075308,50.89368310837289
1150,1.6058523143309538,3.580505167981853,6.33640802163287,9.873560875283848,14.191963728934676,19.29161658258633,25.17251943623698,31.834672289888427,39.27807514353933,47.50272799719067,56.48983935763703
1151,0.9537021785765144,2.5650481352351773,4.957644091893905,8.131490048552626,12.086586005211462,16.822931961869653,22.34052791852872,28.63937387518789,35.719469831847164,43.580815788506044,52.205346865750236
1152,1.826004965237865,3.9057518549142687,6.766748744590911,10.40899563426716,14.832492523943683,20.037239413620004,26.023236303296972,32.79048319297352,40.33898008265059,48.668726972326105,57.76072218072522
1153,1.5477969038460961,3.4935529794341593,6.220559055022087,9.72881513060993,14.018321206197811,19.08907728178586,24.94108335737383,31.574339432962002,38.98884550855182,47.184601584137404,56.1428739600752
1154,1.1115779941771213,2.8200954844440598,5.309862974711011,8.580880464977907,12.633147955244658,17.46666544551176,23.08143293577815,29.47745042604499,36.65471791631086,44.61323540657772,53.33474367436573
1155,2.28277732207914,4.562010160077474,7.6224929980757254,11.464225836074096,16.087208674072418,21.491441512071013,27.676924350069232,34.643657188066854,42.39164002606726,50.920872864062346,60.21195504888641
1156,0.8582015003024445,2.40681607029968,4.736680640297026,7.84779521029436,11.740159780291915,16.41377435028929,21.86863892028619,28.104753490283162,35.12211806027921,42.92073263027684,51.48265778363506
1157,0.7454501615493127,2.2153183581553444,4.466436554761361,7.4988047513673814,11.312422947973614,15.907291144579345,21.28340934118579,27.440777537791572,34.37939573439735,42.0992639310026,50.58260020371519
1158,0.6578643544637454,2.0623498250657475,4.248085295667793,7.215070766269875,10.9633062368719,15.49279170747411,20.80352717807579,26.89551264867721,33.76874811927908,41.42323358988291,49.84131790204296
1159,1.7075718090767333,3.7316229481116747,6.536924087146538,10.123475226181405,14.491276365216194,19.640327504251353,25.570628643286312,32.28217978232081,39.77498092135524,48.04903206038977,57.08544290964793
1160,2.0911094384784,4.289318045845582,7.2687766532127975,11.029485260579564,15.571443867946476,20.894652475314142,26.999111082681786,33.884819690048666,41.551778297416995,49.99998690478363,59.21020690744409
1161,0.9434846540086311,2.548273881734183,4.934313109459809,8.101602337185398,12.050141564910975,16.77993079263676,22.290970020363375,28.583259248088766,35.65679847581498,43.51158770353968,52.129575165309674
1162,1.5966959478370992,3.5668263826158375,6.318206817394596,9.850837252173765,14.16471768695227,19.25984812173092,25.136228556509238,31.793858991287138,39.23273942606559,47.452869860843975,56.435467847251516
1163,2.1552141528576776,4.380920108521567,7.387876064185455,11.17608201984925,15.745537975512443,21.09624393117645,27.228199886840258,34.14140584250395,41.83586179816706,50.31156775382863,59.54923011007667
1164,0.6306612913845899,2.0139636144801236,4.178515937575735,7.1243182606712585,10.85137058376682,15.359672906862313,20.649225229957885,26.72002755305391,33.57207987615081,41.205382199248426,49.602325730198956
1165,0.8295360042110399,2.3586468436396615,4.669007683068296,7.760618522491767,11.633479361919301,16.287590201346898,21.722951040774124,27.939561880201488,34.93742271962901,42.71653355905506,51.25899398930393
1166,0.8833044525977658,2.448732928581736,4.795411404565649,7.923339880549599,11.832518356533605,16.522946832517327,21.994625308501302,28.2475537844856,35.2817322604681,43.09716073645328,51.675866167985184
1167,1.4000681985295471,3.2697491677890445,5.920680137048726,9.352861106308366,13.5662920755678,18.560973044827332,24.336904014086418,30.89408498334589,38.232515952605176,46.352196921862266,55.234546341683725
1168,0.8306552890881752,2.360533943547937,4.671662598007876,7.764041252467755,11.637669906927647,16.292548561387026,21.728677215846293,27.946055870305965,34.944684524765776,42.72456317922401,51.267789888878326
1169,1.226347570619218,3.0012298007223017,5.557362030825241,8.894744260928398,13.01337649103113,17.91325872113414,23.594390951236303,30.056773181339317,37.300405411443016,45.32528764154613,54.11302791969028
1170,1.1725701370095511,2.916761108463305,5.442202079917032,8.74889305137095,12.836834022824958,17.706024994278312,23.3564659657323,29.78815693718541,37.00109790863797,44.99528888009256,53.752399282103454
1171,1.2748071444776976,3.0767741169441303,5.659991089410721,9.024458061877217,13.17017503434408,18.097142006810778,23.805358979277926,30.294825951745004,37.56554292421104,45.61750989667584,54.43228074769604
1172,1.1541003561264045,2.88758864270753,5.402326929288513,8.698315215869457,12.775553502450547,17.634041789031468,23.273780075612386,29.694768362193518,36.89700664877551,44.880494935355664,53.62692405786052
1173,1.161005280463053,2.8985047180864307,5.417254155709745,8.71725359333311,12.798503030956711,17.661002468579866,23.304751906203848,29.729751343826216,36.936000781451966,44.92350021907434,53.673932470326406
1174,1.1987923748187808,2.9580345914480835,5.498526808077471,8.820269024707004,12.923261241336252,17.80750345796608,23.47299567459489,29.919737891224433,37.14773010785433,45.15697232448435,53.92910386917812
1175,0.7827007919181738,2.279205526506107,4.556960261093904,7.615964995681804,11.456219730269913,16.07772446485777,21.480479199446297,27.66448393403436,34.62973866862272,42.37624340321095,50.88616294083018
1176,0.870833476346101,2.4279392120596746,4.7662949477732,7.885900683486882,11.786756419200353,16.468862154913694,21.9322178906278,28.17682362634141,35.20267936205458,43.00978509777004,51.580184434514585
1177,0.701767101190178,2.139536358496393,4.358555615802724,7.358824873108973,11.140344130415073,15.703113387721208,21.04713264502741,27.17240190233382,34.0789211596404,41.76669041694752,50.21799194824035
1178,0.8994936493823946,2.4756391372524726,4.833034625122449,7.971680112992659,11.891575600862913,16.592721088733207,22.075116576603325,28.33876206447265,35.38365755234273,43.209803040212776,51.79920404960658
1179,0.9227066214133335,2.514051861918373,4.886647102423303,8.040492342928362,11.975587583433446,16.691932823938313,22.189528064442865,28.468373304947548,35.528468545453094,43.36981378595735,51.97438414848141
1180,1.556798326192766,3.5070698838063765,6.238591441419892,9.751362999033299,14.045384556646725,19.120656114260512,24.977177671873612,31.614949229487625,39.0339707871013,47.234242344714296,56.197021171715264
1181,0.48417205377184125,1.7445779652767734,3.7862338767817767,6.6091397882868375,10.21329569979208,14.59870161129712,19.765357522801896,25.71326343430691,32.44241934581295,39.95282525731906,48.22711816950348
1182,0.9809224942629721,2.6095666367989567,5.019460779334988,8.210604921871072,12.182999064406937,16.936643206942954,22.47153734947903,28.787681492014613,35.8850756345516,43.76371977708779,52.40551444383867
1183,0.7668503089439508,2.252100179721506,4.518600050499054,7.566349921276683,11.395349792054148,16.00559966283162,21.397099533607985,27.569849404384794,34.52384927516185,42.25909914593939,50.75778632947556
1184,0.7035267540450401,2.1426080255199023,4.362939296994879,7.364520568469837,11.147351839944834,15.71143311141981,21.05676438289519,27.183345654369763,34.09117692584529,41.78025819732008,50.23286911874992
1185,1.8414828502903664,3.9283734408092843,6.79651403132813,10.445904621846996,14.876545212365755,20.088435802884756,26.081576393403136,32.85596698392272,40.411607574440936,48.74849816495762,57.84762278679662
1186,1.4611828580750457,3.3628003185929973,6.045667779110955,9.509785239629021,13.755152700147178,18.78177016066525,24.58963762118372,31.17875508170095,38.54912254221882,46.7007400027379,55.61496204083005
1187,0.5870329868672901,1.9353839612356154,4.064984935603923,6.975835909972306,10.66793688434078,15.141287858709195,20.395888833076793,26.431739807444927,33.248840781812284,40.84719175617898,49.20925384109926
1188,0.8800530853905043,2.443317393073177,4.787831700755814,7.91359600843844,11.820610316121057,16.508874623804303,21.978388931487004,28.229153239170163,35.261167546851816,43.074431854533415,51.65097744609992
1189,1.4503344168489136,3.3463323029891883,6.02358018912934,9.482078075269541,13.721825961409763,18.74282384754963,24.545071733689557,31.128569619830024,38.49331750596844,46.639315392110184,55.54792909497703
1190,1.9328847102465219,4.061362511769146,6.971090313291835,10.662068114815115,15.134295916337628,20.387773717860636,26.42250151938319,33.238479320917584,40.83570712244179,49.21418492396687,58.354813582386456
1191,0.6272245813141597,2.0078184739078413,4.1696623665016,7.112756259095443,10.837100151689285,15.342694044282991,20.629537936876456,26.697631829470158,33.54697572206396,41.1775696146578,49.571810131965776
1192,1.091906511342412,2.78871064299769,5.2667647746531205,8.526068906308636,12.56662303796401,17.388427169619565,22.991481301274902,29.375785432930428,36.54133956458642,44.4881436962403,53.197962032132025
1193,1.0559860369403373,2.731125802413716,5.1875155678871065,8.425155333360376,12.444045098833996,17.244184864307236,22.825574629780565,29.188214395254594,36.33210416072781,44.257243926200246,52.94544122464383
1194,1.3119901939026772,3.1343919495363166,5.738043705170045,9.122945460803837,13.289097216437597,18.2364989720713,23.96515072770518,30.475052483338466,37.76620423897117,45.838605994604904,54.6737707592254
1195,1.1699213627717504,2.9125826527178136,5.43649394266369,8.741655232609606,12.828066522555988,17.695727812501755,23.344639102447914,29.77480039239395,36.986211682338485,44.978872972285124,53.7344567521538
1196,0.8973812228345422,2.4721338175976153,4.82813641236057,7.965389007123376,11.883891601886365,16.583644196649157,22.064646791412237,28.32689938617573,35.37040198093914,43.195154575701274,51.78316547777464
1197,2.3888575422978113,4.711473719772519,7.815339897246602,11.700456074721396,16.36682225219579,21.814438429670385,28.04330460714518,35.05342078461986,42.84478696209493,51.41740313956966,60.75178189719328
1198,2.426077624187203,4.763686519290685,7.882545414394351,11.782654309497953,16.464013204601233,21.926622099705327,28.17048099480917,35.19558988991115,43.00194878501517,51.58955768011812,60.938899169929485
1199,1.2364203627421406,3.016975870639492,5.578781378536967,8.921836886434352,13.046142394331794,17.951697902229387,23.638503410126873,30.10655891802382,37.35586442592099,45.38641993381792,54.179822143201065
1200,0.7606921254156851,2.2415379498187726,4.503633774221921,7.546979598624877,11.371575423027766,15.97742124743106,21.364517071834342,27.532862896238885,34.48245872064274,42.21330454504495,50.70759649029964
1201,1.4247788215587265,3.307455063535941,5.971381305512929,9.416557547490001,13.642983789467175,18.650660031444055,24.439586273420957,31.009762515397934,38.361188757376794,46.49386499935329,55.38918370134785
1202,1.864840335444154,3.9624547976643383,6.8413192598843695,10.501433722104629,14.942798184324957,20.16541264654562,26.169277108766355,32.95439157098785,40.52075603320578,48.86837049542553,57.978197541229555
1203,1.1395020814330619,2.864470366438529,5.370688651443928,8.658156936449405,12.726875221455291,17.57684350646078,23.208061791466257,29.620530076471596,36.8142483614755,44.789216646479915,53.527142807414336
1204,0.8137446095495673,2.3319670343520733,4.631439459154472,7.712161883957072,11.574134308759746,16.217356733562177,21.64182915836388,27.84755158316624,34.83452400796963,42.60274643277239,51.134340225226
1205,2.3143799753606595,4.606640774219339,7.680151573077948,11.534912371936661,16.170923170795557,21.588183969654928,27.786694768513673,34.76645556737133,42.52746636623012,51.06972716508829,60.37381125484887
1206,2.961769588684921,5.50361865472734,8.826717720769754,12.931066786812234,17.816665852854324,23.483514918896706,29.931613984938714,37.16096305097945,45.17156211702158,53.96341118306466,63.51658436348123
1207,0.5770220964339691,1.9171717278562947,4.038571359278629,6.941220990701133,10.625120622123518,15.09027025354573,20.336669884967822,26.36431951639062,33.173219147813384,40.76336877923625,49.117245923895105
1208,1.4269621678172462,3.3107811897764616,5.975850211735744,9.42216923369481,13.649738255653975,18.658557277612555,24.448626299571693,31.01994532153139,38.372514343491325,46.506333365449294,55.4027925618654
1209,1.4594890126274924,3.3602304260968667,6.0422218395664995,9.505463253035645,13.749954666504943,18.77569607997407,24.582687493444016,31.17092890690949,38.540420320378544,46.69116173384725,55.604509476983544
1210,1.6413900225177358,3.633474328958302,6.406808635398517,9.961392941838787,14.297227248278674,19.414311554718598,25.312645861158607,31.992230167598276,39.45306447403876,47.695148780477474,56.69965673080683
1211,0.4345293034406026,1.6491397624298794,3.645000221419104,6.422110680408382,9.980471139397544,14.320081598386848,19.440942057376322,25.34305251636556,32.02641297535459,39.49102343434384,47.71961248491455
1212,0.7332065700941954,2.1941750970854526,4.436393624076815,7.459862151068163,11.264580678059334,15.850549205050852,21.217767732042073,27.36623625903295,34.29595478602248,42.00692331301332,50.48137771545048
1213,1.8750521090235874,3.977333885468453,6.860865661913401,10.525647438358368,14.971679214803192,20.19896099124843,26.207492767693708,32.99727454413827,40.568306320584924,48.92058809703055,58.03507312242134
1214,1.639015481057911,3.6299409806993745,6.402116480340652,9.955541979981735,14.290217479623074,19.40614297926517,25.303318478906842,31.98174397854811,39.44141947819039,47.6823449778326,56.685696438974524
1215,0.9349650312679579,2.5342599040442053,4.914804776820229,8.076599649596293,12.019644522372143,16.74393939514875,22.24948426792496,28.536279140702124,35.60432401347751,43.453618886254425,52.066122981786094
1216,0.9091398731502285,2.491625205486579,4.855360537823207,8.000345870159736,11.926581202496257,16.634066534832613,22.122801867168995,28.39278719950497,35.44402253184105,43.27650786417863,51.872236038351915
1217,0.7025471077662008,2.1408981482388167,4.360499188711485,7.361350229183805,11.143451269657072,15.706802310129346,21.051403350602342,27.17725439107514,34.08435543154698,41.77270647201867,50.224588622910254
1218,1.4265569034969696,3.3101638731518177,5.975020842806356,9.4211278124609,13.648484782115474,18.65709175177017,24.446948721425223,31.018055691080402,38.37041266073442,46.50401963038982,55.4002671986017
1219,0.960127976738728,2.5755794802298286,4.9722809837210225,8.150232487212028,12.109433990703717,16.849885494195043,22.371586997685487,28.67453850117722,35.758740004670855,43.62419150816332,52.25281992114605
1220,1.9409142245016915,4.072997945167849,6.9863316658339105,10.680915386499743,15.15674910716578,20.413832827832167,26.45216654849755,33.271750269162894,40.872583989829806,49.25466771049622,58.39889507621919
1221,2.214789029480751,4.465684939473612,7.497830849466306,11.31122675945843,15.905872669450888,21.281768579443103,27.438914489435906,34.37731039942815,42.096956309419745,50.59785221941156,59.8606541500841
1222,0.5690769768137346,1.90266686283617,4.017506748858694,6.913596634881425,10.590936520903847,15.049526406926555,20.289366292948714,26.31045617897217,33.112796064994825,40.69638595101735,49.043716469769116
1223,2.0441394112313533,4.221931955153415,7.18097449907571,10.921267042998048,15.442809586920285,20.745602130842144,26.8296446747644,33.6949372186872,41.34147976260974,49.769272306531114,58.959117077863375
1224,3.5567685134538998,6.304818125667779,9.83411773788145,14.144667350095382,19.23646696230812,25.109516574521503,31.76381618673469,39.199365798947454,47.41616541116062,56.41421502337399,66.17317634885906
1225,2.017300926536752,4.183322416821134,7.130593907105346,10.859115397389234,15.368886887673215,20.659908377957134,26.732179868240763,33.585701358524595,41.22047284880757,49.63649433909192,58.81459159889286
1226,0.3772675091141765,1.535668832655453,3.475320156196748,6.196221479738025,9.698372803279485,13.981774126820726,19.04642545036235,24.89232677390376,31.5194780974456,38.92787942098632,47.10037175437892
1227,0.8689215319439774,2.424746040037907,4.7618205481317135,7.880145056225746,11.779719564319382,16.460544072413423,21.922618580506736,28.16594308860083,35.19051759669601,42.99634210478965,51.56546277636791
1228,1.2208878201039595,2.9926852274856346,5.5457326348671625,8.880030042248922,12.995577449630792,17.892374857012374,23.570422264393397,30.029719671775336,37.270267079157236,45.292064486537264,54.07672611160379
1229,0.46379422409833293,1.7056997155659868,3.728855207033504,6.533260698501026,10.118916189968212,14.485821681435715,19.633977172903695,25.563382664371332,32.27403815583908,39.76594364730766,48.02177314029192
1230,1.146453618068551,2.8754857976039316,5.385767977139304,8.677300156674892,12.750082336210193,17.60411451574561,23.2393966952814,29.655928874816144,36.853711054353106,44.83274323388705,53.574725161562164
1231,0.8966307452187654,2.470888094981145,4.8263954447436435,7.963152794506074,11.881160144268458,16.580417494030698,22.060924843792296,28.32268219355593,35.365689543318126,43.18994689307936,51.777463540641484
1232,0.8600276044578484,2.4098735204031656,4.740969436348509,7.853315352293759,11.746911268238923,16.421757184184468,21.87785310012993,28.115199016074772,35.13379493201932,42.933640847965655,51.49679488457826
1233,1.0476779112223964,2.7177546439129943,5.169081376603562,8.401658109294257,12.415484841984853,17.21056157467541,22.786888307365974,29.144465040055973,36.28329177274715,44.203368505437204,52.88651289715962
1234,1.2266989486406157,3.001779476005467,5.558110003370384,8.895690530735225,13.01452105809985,17.914601585464823,23.595932112828997,30.058512640192614,37.30234316755651,45.32742369492006,54.11536187372672
1235,1.6401010855470806,3.6315564782393093,6.4042618709316095,9.958217263623446,14.293422656315181,19.409878049007858,25.307583441700043,31.98653883439228,39.44674422708478,47.688199619778004,56.69207991418305
1236,0.8745165530852325,2.43408642526501,4.7749062974447485,7.896976169624827,11.800296041804646,16.48486591398461,21.950685786164065,28.19775565834462,35.22607553052505,43.035645402705725,51.60850394764324
1237,1.750002763852355,3.794223639064389,6.619694514276695,10.22641538948909,14.614386264701505,19.783607139914068,25.73407801512631,32.46579889033852,39.97876976555162,48.27299064076441,57.329530886727476
1238,1.4339192223245254,3.321373800093014,5.9900783778614795,9.440032955629933,13.671237533398054,18.68369211116683,24.477396688935066,31.052351266703244,38.408555844470776,46.54601042223967,55.44609790335262
1239,0.9414829954303627,2.544983578645589,4.92973416186099,8.095734745076106,12.042985328291648,16.771485911507064,22.28123649472281,28.572237077938333,35.644487661153356,43.497988244367946,52.11468963891749
1240,1.0105765479571969,2.6577945036046873,5.086262459252067,8.295980414899562,12.28694837054702,17.05916632619458,22.612634281842176,28.947352237489767,36.063320193134984,43.960538148785695,52.62086948102252
1241,1.0723505663564872,2.757405077736708,5.223709589116994,8.471264100497354,12.500068611877747,17.310123123257757,22.90142763463823,29.273982145996214,36.427786657373,44.3628411687502,53.060933383604116
1242,1.8928721750836013,4.003268314964781,6.894914454845798,10.567810594727009,15.021956734608036,20.25735287448868,26.273999014369817,33.07189515425071,40.65104129413203,49.01143743401225,58.13402059411574
1243,1.455406334726987,3.354034119215795,6.033911903701326,9.495039688186743,13.737417472672302,18.761045257157086,24.565923041641874,31.1520508261263,38.519428610611804,46.668056395095455,55.57929473650986
1244,0.6848076005428099,2.1098463842137076,4.316135167884528,7.303673951555261,11.072462735225793,15.622501518896469,20.953790302566954,27.066329086237676,33.960117869907805,41.63515665357857,50.07375317218258
1245,1.9785465423169135,4.127431754108793,7.05756696590063,10.768952177692643,15.261587389484523,20.535472601275757,26.590607813067702,33.42699302485979,41.04462823665106,49.44351344844364,58.604508702315606
1246,1.107593957305292,2.8137475804412464,5.301151203577049,8.56980482671287,12.619708449848732,17.45086207298465,23.06326569611989,29.456919319255615,36.63182294239075,44.58797656552773,53.30712569391786
1247,1.605733675593732,3.580328014979742,6.336172354365694,9.87326669375178,14.191611033137361,19.291205372523716,25.172049711910052,31.834144051296683,39.277488390683175,47.50208273007004,56.48913569328072
1248,1.869663072516981,3.9694833658666333,6.850553659216455,10.512873952566201,14.956444245915455,20.18126453926467,26.187334832613672,32.97465512596282,40.54322541931138,48.89304571266001,58.005074177927476
1249,0.6204955985767379,1.9957648860106676,4.152284173444602,7.090053460878465,10.809072748312142,15.309342035746152,20.59086132317999,26.653630610614766,33.49764989804914,41.122919185483575,49.511845746843356
